$TYPE vec
$XDIM 1000
$YDIM 1
$VEC_DIM 3
-0.27412 1.9674 -0.035685 1
-0.69395 0.17085 -0.015858 2
0.57784 0.23614 -0.044098 3
-0.30858 -0.041886 -0.06902 4
0.92442 1.3853 0.068798 5
-0.34884 1.8709 -0.035219 6
-0.30764 1.9859 0.076412 7
0.9233 1.0794 -0.019108 8
-0.94358 0.88508 -0.031818 9
0.17684 1.9742 -0.017804 10
-0.86301 0.43794 -0.008624 11
-0.72393 0.31495 0.016928 12
0.90163 0.60084 0.0070736 13
0.65497 0.19788 -0.0041752 14
0.85421 0.47731 -0.014866 15
0.13052 0.064456 -0.061894 16
1.0257 0.83388 -0.036244 17
-0.67444 0.30988 -0.024413 18
0.57467 0.10933 -0.029343 19
0.87508 0.59548 0.025688 20
-0.37544 0.038204 0.051798 21
0.30173 0.043228 0.0042185 22
0.68108 1.7481 -0.071241 23
-0.87356 1.4207 -0.034983 24
0.0028075 -0.019644 0.082903 25
0.13951 2.0007 -0.011744 26
-0.9478 1.2898 0.011752 27
-0.076815 -0.0086754 -0.054621 28
-0.98258 0.69843 0.026411 29
-0.40934 0.049707 -0.072685 30
0.67046 1.6879 0.053566 31
0.63799 0.16273 -0.039826 32
-0.65027 0.26687 0.0080433 33
-0.42526 2.0215 -0.025187 34
0.53887 1.8024 -0.12357 35
0.90352 0.56784 -0.063179 36
-0.01308 -0.0062463 0.015344 37
-0.084043 1.9962 -0.033255 38
-0.43185 1.8496 -0.050169 39
0.2872 0.056466 -0.11717 40
-0.94416 0.53372 0.071201 41
0.20304 2.0461 -0.033991 42
-0.22899 1.9935 0.0036271 43
0.68367 1.6936 -0.010892 44
0.50552 0.2185 0.034939 45
-0.51609 0.23845 -0.042342 46
0.61849 0.18949 -0.089413 47
0.76211 0.42908 0.026111 48
0.94771 0.48176 -0.031905 49
0.70852 1.6513 -0.079624 50
0.65936 0.38488 -0.0091349 51
0.7881 1.6884 -0.0091324 52
0.30289 0.066316 0.0030706 53
-0.97295 0.88748 -0.046272 54
0.24817 -0.031891 0.021288 55
-0.088768 2.0179 -0.00037963 56
0.81995 1.5049 -0.037054 57
0.54217 0.13863 0.0041907 58
0.85082 0.40636 0.0049379 59
0.06213 1.9685 0.0093558 60
-0.57064 1.891 0.033429 61
0.79255 0.41134 0.041016 62
0.223 1.8685 0.022343 63
-0.97936 1.3726 -0.064039 64
0.34711 1.8828 0.076542 65
0.36834 0.039907 0.096891 66
-0.17941 0.050445 -0.019705 67
0.73388 0.34013 0.0092159 68
-0.44266 0.098649 -0.025026 69
-0.64496 1.7605 -0.039852 70
-0.64187 0.29014 0.031325 71
-0.46708 1.8583 0.020846 72
0.72554 0.21076 0.016691 73
-0.405 1.8674 0.051174 74
-0.98051 1.4475 0.044445 75
-0.80063 0.3896 -0.021837 76
0.19635 1.9396 -0.038935 77
-0.87958 0.53736 -0.023734 78
-0.51077 0.15539 0.065526 79
-0.72028 1.6334 0.006571 80
-0.6048 0.29976 -0.01856 81
0.95494 0.73527 0.043048 82
-0.92126 1.4761 0.047825 83
-0.29094 1.9498 -0.05797 84
0.88257 0.71016 -0.0022696 85
-0.7441 0.33474 -0.087235 86
0.31086 1.9062 0.041474 87
-0.82518 1.5902 0.046783 88
0.63595 1.8864 -0.032611 89
-0.91066 1.4055 -0.015241 90
0.59538 1.8734 -0.031993 91
0.95135 1.2627 -0.0065012 92
-0.52219 1.8167 -0.084273 93
-0.058947 -0.0045096 -0.015482 94
-0.94272 0.71695 -0.029487 95
-0.96963 1.3283 -0.0033821 96
0.94021 0.63337 -0.068315 97
0.27747 0.10852 -0.036057 98
-0.94548 0.60585 -0.047073 99
-0.97193 0.5485 -0.088078 100
0.48786 0.069711 -0.025308 101
-0.70138 0.32127 0.01582 102
0.96096 0.88594 -0.048542 103
-0.63092 0.29122 -0.027003 104
0.58371 0.22977 -0.0038638 105
0.69762 1.5306 0.052135 106
0.56759 1.8351 -0.052756 107
-0.79788 1.6544 0.0023968 108
-0.94839 0.87086 0.0069592 109
-0.13074 0.00050893 0.0067269 110
-0.93284 0.54129 -0.033255 111
-0.77265 0.50964 -0.099989 112
-0.9975 1.1516 0.15167 113
1.03 0.91487 0.046721 114
-0.47575 1.8256 -0.016526 115
0.12077 -0.07067 0.067346 116
-0.021286 1.9914 0.124 117
-0.42052 0.18141 -0.019264 118
0.71008 1.6729 0.07029 119
0.93866 1.361 0.093612 120
0.82371 1.7039 -0.041049 121
0.9241 1.3939 -0.058139 122
0.69154 1.7569 -0.088666 123
0.34171 1.9008 0.031665 124
-0.82492 0.36837 0.03991 125
0.3644 0.020236 -0.030181 126
-0.97747 0.72999 0.070714 127
-0.86181 0.67559 0.0053453 128
-0.35072 1.9072 0.037299 129
-1.0056 1.0809 0.070414 130
-0.34582 1.9388 -0.042476 131
-0.81857 1.4485 -0.011361 132
0.96682 1.0879 -0.032879 133
-0.99118 0.93697 0.072088 134
0.94013 0.69648 0.015918 135
0.49637 1.9513 -0.034632 136
1.0054 0.99949 0.094622 137
0.62751 1.7132 -0.017412 138
0.44628 0.12353 -0.073868 139
-1.0472 0.77739 -0.038397 140
-0.32286 0.024072 -0.045324 141
0.64919 0.27524 -0.022529 142
-0.49681 0.29215 -0.037057 143
0.91047 1.4448 -0.088 144
0.66324 1.7336 0.037617 145
-0.024681 -0.085936 0.050726 146
0.86332 0.37453 0.038461 147
0.95319 1.2794 0.031715 148
0.71881 0.2322 0.012939 149
-0.90049 0.6739 -0.077188 150
0.88517 0.40257 0.095767 151
1.0054 1.0478 0.057285 152
0.23447 0.016966 0.087345 153
-0.75511 1.6921 0.085908 154
-0.96172 0.73653 -0.031174 155
-1.0762 0.85786 -0.019168 156
-0.14743 -0.051735 0.047852 157
-0.09923 2.02 0.050224 158
0.45436 1.8532 -0.0036234 159
0.89524 1.1167 -0.017483 160
0.81177 1.4759 0.01288 161
-0.69381 1.6617 0.079514 162
-0.71562 1.8322 -0.0068957 163
0.92327 1.2044 0.026238 164
0.0012412 0.056012 0.051716 165
-0.69836 0.38911 0.11595 166
0.65904 1.7125 -0.018362 167
1.0566 0.92446 -0.015811 168
-0.40372 0.17654 -0.03034 169
0.015605 -0.0712 -0.025364 170
0.67813 1.6219 -0.0058934 171
-0.25526 -0.015183 0.12655 172
0.67309 0.32708 0.022303 173
0.0045535 -0.074678 0.068897 174
-0.57682 1.8364 -0.0092361 175
0.29318 1.956 -0.011902 176
0.64459 0.29754 0.012561 177
1.0477 1.128 -0.081243 178
0.63736 1.7373 -0.027995 179
1.0301 1.361 0.06117 180
-0.96313 1.1687 -0.070035 181
-0.61588 0.26168 -0.0028696 182
0.097283 2.0634 -0.006246 183
0.97652 0.95578 -0.031025 184
0.54311 1.8092 0.053113 185
0.74111 0.36949 0.0096827 186
-0.6021 1.7612 -0.075522 187
0.97438 1.1226 0.079071 188
-0.7828 1.5405 -0.025782 189
-0.72703 0.30365 -0.0095293 190
0.51015 1.7745 0.058013 191
-0.34932 1.8922 0.013051 192
0.9751 0.87174 0.046031 193
0.18522 0.046197 -0.029506 194
-0.88754 1.5345 0.028307 195
0.72565 1.5857 -0.0077321 196
0.78879 0.37034 0.023947 197
-0.77061 1.6502 -0.054567 198
-0.92444 0.61137 0.085101 199
-0.53149 0.098835 0.0051126 200
0.55328 0.15766 -0.0080047 201
0.69118 1.6143 0.033732 202
0.96507 1.1924 -0.028803 203
-0.99796 0.91789 0.023797 204
0.23935 0.12793 -0.036736 205
-0.62708 1.8369 -0.011319 206
-0.23819 2.0749 -0.035263 207
0.37369 0.081467 -0.015778 208
-0.83278 0.4007 0.06775 209
1.024 1.2903 0.013767 210
0.15082 0.063615 -0.061938 211
-0.07941 1.9786 0.00041857 212
0.043512 2.0231 0.061201 213
0.69498 0.36364 -0.046482 214
0.91772 0.5556 -0.069716 215
0.76375 1.5161 -0.034871 216
0.25007 1.9878 -0.090963 217
-0.26671 1.9574 -0.079518 218
0.92334 1.4096 -0.0043381 219
-0.05848 0.0028788 0.030302 220
0.60177 0.2121 0.0060014 221
0.14897 -0.016521 0.017836 222
-0.34581 1.9177 0.045787 223
0.98257 0.77064 -0.055555 224
0.60621 0.21337 -0.023939 225
0.11511 1.9644 0.076287 226
-0.67493 1.7239 -0.079306 227
-0.90751 1.44 -0.046055 228
0.01735 1.9417 -0.020698 229
-0.55276 1.8026 -0.082032 230
-0.21774 0.02415 -0.051447 231
0.66335 1.651 0.00068765 232
-0.23428 1.9437 -0.068947 233
-0.42267 1.8684 -0.0035758 234
0.46259 0.10653 -0.022979 235
0.31429 1.9949 -0.080329 236
0.21098 -0.016343 -0.040793 237
-0.8035 0.46107 0.013123 238
0.10215 2.0213 -0.038438 239
0.46162 1.9439 0.027181 240
-0.70442 1.7132 -0.020416 241
-0.62946 1.7084 -0.051236 242
-0.96514 1.2679 0.043004 243
0.069196 0.033968 -0.02812 244
0.52363 1.7993 0.011033 245
0.56986 1.8982 0.12162 246
0.55953 0.090561 0.032246 247
0.6201 1.7779 -0.024636 248
0.77937 1.606 0.13382 249
0.44937 1.8673 0.021981 250
-0.94211 0.99434 0.0053409 251
-0.27454 1.9938 -0.019158 252
-0.011291 1.9891 -0.039715 253
-0.99854 0.63725 0.0032023 254
0.6012 1.8173 0.061466 255
0.44138 0.11691 -0.055803 256
0.86645 0.64703 0.016329 257
0.19634 0.050616 0.0048768 258
0.62623 0.18616 -0.022251 259
0.36611 0.099166 0.008753 260
-0.80558 0.51345 -0.022225 261
-0.96598 1.0781 -0.075742 262
-0.94415 1.2949 -0.041019 263
-0.63128 0.14688 -0.021511 264
0.35825 0.029791 -0.074587 265
-0.98913 0.89925 0.0046403 266
0.93712 1.0062 -0.01113 267
-0.7848 1.6514 -0.039373 268
-0.91663 0.88814 -0.054064 269
0.078047 2.0542 0.052045 270
0.9512 0.64535 0.068624 271
0.96533 0.70658 0.057665 272
0.13039 0.0040299 0.01659 273
-1.0028 0.96917 -0.012822 274
0.95633 1.2044 0.0055034 275
-0.22766 0.015903 0.057301 276
-0.70878 1.5982 0.016528 277
0.56998 1.8118 0.066521 278
0.80912 0.30646 -0.03738 279
0.96246 1.0973 -0.12782 280
-0.74618 0.25778 0.11748 281
0.90105 1.1044 0.0097101 282
0.83973 1.5571 0.044976 283
-0.89672 0.59766 -0.0071935 284
1.0158 1.0593 0.071177 285
0.074762 0.024973 -0.055564 286
-0.94102 1.1702 0.063988 287
0.68939 0.23894 -0.012884 288
-0.9446 0.43383 -0.089831 289
-0.75675 0.36601 -0.038785 290
0.71559 0.39109 0.014688 291
-0.56293 1.8565 -0.019704 292
-0.90316 1.3266 -0.019303 293
1.013 1.1815 0.040935 294
-0.59011 0.25048 0.043005 295
0.96709 1.0644 0.011334 296
-0.71031 0.27633 -0.049997 297
1.0375 1.1839 -0.062353 298
0.94419 0.97889 0.013665 299
0.92018 1.476 -0.082646 300
-0.24601 1.8612 0.049472 301
0.30495 0.04617 -0.060281 302
-0.756 1.7509 0.047287 303
0.79083 0.30901 -0.00024381 304
0.23047 1.8991 -0.0054605 305
-0.15427 1.9424 0.0047581 306
-0.83451 0.56432 0.13995 307
0.044321 2.0122 -0.039263 308
-0.87748 0.45296 0.010353 309
-0.20894 0.052967 -0.028551 310
0.98929 1.1568 0.044379 311
0.80948 1.4877 -0.038427 312
-0.93604 1.3694 0.037956 313
-0.87985 0.4849 0.024337 314
0.052788 0.11141 -0.090665 315
0.96275 0.91414 0.0041458 316
-0.48793 1.9674 -0.022172 317
-0.56708 1.8337 -0.0059 318
-0.87583 1.4581 -0.049217 319
-0.28198 0.079618 0.014682 320
-0.94878 0.77441 -2.0881e-005 321
0.75656 1.6482 -0.033789 322
1.0047 1.2042 0.042085 323
-0.27133 2.0218 -0.0085328 324
-0.29158 1.9987 0.018703 325
-0.76555 0.33365 0.05071 326
0.62407 0.16678 0.039146 327
-0.85571 0.72375 -0.0074957 328
-0.55706 0.18874 0.028869 329
0.79744 1.399 -0.073099 330
-0.10356 2.0037 -0.0069378 331
0.90558 0.68459 0.046133 332
-0.95914 1.0526 0.096406 333
-0.80978 1.4573 0.053919 334
0.72431 0.33656 -0.021702 335
-0.30716 1.9631 0.045034 336
-0.85698 1.5412 -0.020197 337
0.88717 0.42208 0.065335 338
-0.47139 1.8948 0.060284 339
0.45026 1.9954 -0.037382 340
1.05 1.0152 0.063158 341
-0.78583 1.5234 -0.040063 342
-0.99712 1.3301 0.076805 343
-0.19114 2.0041 -0.029841 344
0.86865 0.75435 0.055581 345
-0.87957 0.671 0.012955 346
0.97795 1.2545 0.041997 347
-0.94104 0.71553 0.050891 348
-0.36417 1.8674 0.061968 349
-0.36145 0.11765 -0.068194 350
0.55624 1.8386 0.014556 351
0.43467 0.10465 0.01316 352
0.1182 1.9425 -0.038113 353
0.54616 0.11486 -0.02645 354
-0.43335 0.044434 -0.026061 355
-1.0496 0.9208 -0.05179 356
-0.94696 0.76927 -0.023042 357
-0.7584 1.6756 -0.053041 358
-0.98186 0.99268 -0.10463 359
-0.52167 1.7325 -0.036918 360
1.0719 1.1365 0.048021 361
-0.69271 0.26723 -0.061959 362
-0.68137 0.41258 -0.0062139 363
-0.94365 1.323 0.034014 364
-0.75336 1.5282 -0.020315 365
-0.84558 0.48625 0.0078326 366
-0.90123 0.55501 0.0056168 367
0.8075 0.36546 0.078475 368
-1.0795 1.0988 0.043594 369
1.0161 1.0115 -0.058944 370
0.93484 0.49545 -0.063179 371
-0.32768 1.9646 -0.1003 372
0.86844 1.5395 0.058212 373
0.9961 0.75472 0.091614 374
-0.16774 0.028715 0.030399 375
-0.66939 0.22358 -0.055799 376
-0.95536 0.87999 -0.0090382 377
-0.47405 1.9561 0.045707 378
-0.61647 0.31023 -0.059035 379
-0.075966 -0.051341 -0.0066548 380
-0.69291 1.5767 -0.042607 381
0.56938 1.8314 -0.013956 382
1.002 1.1355 -0.032557 383
0.85012 0.55106 0.0086691 384
0.30476 0.21049 -0.09686 385
-0.90815 1.4769 -0.023441 386
-1.0272 0.79377 0.036142 387
-0.49156 0.19129 -0.061261 388
1.03 1.4991 -0.052509 389
-1.0118 0.81521 0.056843 390
0.16899 -0.023604 0.020158 391
0.49496 1.8701 0.011704 392
-0.95486 0.71071 0.014008 393
-0.33879 1.9803 -0.077556 394
0.67264 1.7093 -0.014876 395
0.76395 1.4864 0.11102 396
-0.94771 0.94984 0.068785 397
-1.0303 1.1149 0.0456 398
-0.5719 1.7712 0.024367 399
0.3779 0.085429 0.042064 400
-0.97852 1.1071 -0.038505 401
0.51047 0.075781 0.034992 402
0.66892 0.20141 -0.0059279 403
-0.29349 1.9885 -0.01147 404
0.29277 0.13467 0.010651 405
-0.067452 0.02939 0.029324 406
-1.023 1.0721 0.025117 407
0.69028 0.23662 -0.02904 408
-0.046899 2.0565 0.038564 409
-0.39384 1.9563 -0.079392 410
0.55867 0.23948 -0.051217 411
0.36922 2.0464 0.026872 412
-0.88682 0.68637 -0.025653 413
0.88661 0.50845 0.039892 414
0.21692 -0.005758 -0.11022 415
-1.0337 1.1493 0.00061708 416
-1.0426 0.99137 0.030458 417
0.14851 0.077387 -0.071773 418
-0.96164 1.515 0.063501 419
0.098076 0.0014615 -0.00559 420
0.47593 0.19443 0.0018603 421
-1.0009 1.4388 0.053633 422
0.69639 0.3223 -0.028337 423
-0.8459 0.5196 0.031013 424
-0.22199 0.066415 -0.04923 425
0.38977 -0.017621 0.031247 426
0.85278 1.1636 -0.029604 427
0.19763 0.04381 -0.00098155 428
-0.84004 1.5219 0.039248 429
0.19876 2.0471 0.0089953 430
0.9758 0.57578 -0.035844 431
0.80874 0.32755 -0.026919 432
-0.98997 1.141 -0.01339 433
0.93449 0.84244 0.061701 434
0.77842 1.7384 -0.064022 435
0.60999 1.6334 0.0076157 436
0.44123 1.9104 -0.045719 437
0.92558 0.6386 0.060881 438
-0.25346 0.11426 -0.042528 439
-0.43165 0.089966 -0.05608 440
-0.85543 1.5671 0.0025728 441
-0.87244 1.3749 0.060191 442
-0.49161 0.090564 0.0091932 443
0.95174 1.1993 0.022933 444
-1.0343 1.1854 -0.005738 445
0.68451 0.26413 0.053325 446
-0.36466 0.14397 0.015813 447
-0.90686 1.3152 0.094831 448
0.62166 0.15161 0.024379 449
0.19936 2.0398 -0.041226 450
0.44339 1.8823 -0.011761 451
-0.67625 1.736 -0.077582 452
-0.8298 0.4347 -0.0049808 453
-0.42697 1.8734 -0.053675 454
-0.57537 0.2156 0.098174 455
1.0012 0.68034 0.10778 456
0.48781 1.8854 -0.065 457
0.61717 0.26102 -0.0072941 458
0.83682 0.4529 -0.12981 459
-0.91306 0.80819 0.073355 460
0.97733 1.3783 -0.048322 461
0.8666 1.39 0.03116 462
0.81507 0.55601 -0.036614 463
-0.95326 1.3168 -0.045087 464
-1.015 0.85395 0.0056606 465
-1.0176 1.1986 -0.050663 466
-0.1572 -0.027173 0.045413 467
-0.9915 0.98811 -0.021822 468
-0.77688 0.44322 0.0022711 469
0.9 0.70748 0.0031234 470
-0.80228 1.6209 -0.047343 471
0.023471 1.97 0.048724 472
0.61392 0.13741 0.036441 473
0.81332 0.45802 0.0057002 474
-0.47519 0.11687 -0.099197 475
-0.51672 1.8352 0.018616 476
-0.96892 0.83614 -0.026148 477
-0.96887 0.99578 -0.044328 478
-0.55634 1.8528 0.052955 479
-0.34453 -0.010539 -0.034942 480
-0.68931 0.36841 0.038768 481
0.083867 1.9923 0.10615 482
-1.0282 0.76516 -0.017851 483
0.10483 2.0736 0.025834 484
0.36515 0.030872 0.017884 485
0.92864 1.1818 -0.043166 486
0.88748 0.43536 -0.081298 487
-0.40965 1.8853 -0.012494 488
-0.42643 1.865 0.070249 489
-0.4548 1.9609 0.029599 490
0.92481 1.4134 0.097831 491
-0.97448 1.0736 0.014067 492
0.58043 1.8175 -0.004337 493
-0.92347 1.4925 -0.039657 494
0.79361 1.3938 0.087806 495
-0.2889 1.9609 -0.0029608 496
0.89223 1.4491 -0.0062576 497
-0.32775 0.06963 0.050364 498
-0.083876 2.0761 -0.065207 499
-0.99602 1.0288 0.0065351 500
-0.025057 1.0023 -0.027121 501
8.4517e-005 0.24822 -0.92716 502
-0.078456 0.9976 -0.2633 503
0.0098064 -0.23278 -1.0162 504
-0.052715 -0.67936 -0.8341 505
0.013651 0.96305 0.12495 506
-0.05523 0.36309 0.91645 507
0.10889 -0.69406 -0.59944 508
-0.045028 -0.65111 -0.73432 509
-0.023252 0.22785 -0.99386 510
0.017483 0.97409 0.43528 511
-0.036329 -0.11134 -0.97397 512
-0.016252 0.42087 -0.8998 513
-0.023184 1.0374 -0.028111 514
0.074703 -0.85028 0.5695 515
-0.018398 -0.14051 0.99458 516
-0.014569 -0.36414 0.85867 517
-0.027484 0.9507 -0.36952 518
-0.0014546 0.97739 -0.14323 519
0.088138 -1.0225 0.14893 520
0.10425 -0.65599 -0.86861 521
0.072871 -1.0015 -0.32347 522
0.024772 0.9129 -0.28242 523
-0.086058 -0.84941 -0.67563 524
0.0029812 -0.82413 0.52841 525
-0.031738 0.60824 -0.85783 526
0.00013376 -0.97639 0.070883 527
0.033092 -0.56248 0.84408 528
0.063823 0.47802 -0.81454 529
-3.6445e-005 -0.18705 0.9184 530
-0.092344 0.98896 0.36798 531
-0.02837 -0.88921 -0.40976 532
0.068029 -1.0179 0.30356 533
0.074241 0.9593 -0.4177 534
0.018307 -0.035101 1.0595 535
0.069165 0.71053 -0.68946 536
0.02681 -0.25457 1.0124 537
-0.013125 -0.66424 -0.69552 538
0.0014937 0.88887 -0.4948 539
0.024345 0.019969 1.0025 540
0.021224 -0.13753 -1.0197 541
0.0087891 -0.12894 -0.97011 542
0.088054 -0.48292 -0.83511 543
-0.074208 0.46041 0.86096 544
-0.05899 -0.10851 -0.94838 545
-0.052726 -1.0062 -0.16384 546
0.046126 -0.71544 -0.70233 547
0.019895 -0.79344 0.53052 548
-0.026381 0.89107 -0.51077 549
-0.021077 -0.80992 -0.58009 550
-0.090101 0.56304 -0.82284 551
-0.052026 -0.024262 0.87177 552
0.023899 -0.41092 -1.0104 553
-0.021785 -0.93686 -0.24243 554
-0.030852 -0.080757 0.99137 555
0.050201 -0.87111 0.39325 556
-0.073766 -0.25128 0.98172 557
-0.032454 -0.59849 -0.84015 558
-0.0092978 0.77875 0.66965 559
0.021309 0.62015 -0.60969 560
0.021786 0.77637 -0.49271 561
-0.065296 -0.70549 -0.69352 562
-0.034611 -0.96998 -0.048707 563
-0.062699 1.1436 -0.27671 564
-0.054093 -0.26114 0.97836 565
0.0057232 -0.96605 -0.36852 566
-0.013504 0.91004 -0.2575 567
-0.042658 0.57249 -0.88055 568
-0.019329 -0.60836 0.8325 569
-0.049044 -0.90087 -0.56006 570
-0.028526 0.25386 -0.97402 571
-0.03024 -0.86511 0.61507 572
0.0050021 0.57191 0.6504 573
-0.0047111 0.91952 -0.39002 574
-0.011277 0.54166 -0.88999 575
0.042991 0.029638 0.99831 576
-0.026588 0.0027296 -0.93714 577
0.094526 0.76856 0.60564 578
0.13348 0.48314 -0.93232 579
0.0054884 1.0331 0.092702 580
0.018868 -0.086608 -1.0611 581
-0.016434 -0.96697 0.11011 582
-0.10026 -1.0276 0.13141 583
0.034903 1.0341 0.22397 584
-0.031932 0.74551 -0.62099 585
-0.026026 0.74507 -0.68992 586
-0.02135 -0.023382 -0.88628 587
0.0080672 -0.0023348 0.95874 588
-0.062858 0.909 0.47162 589
-0.035862 0.34179 0.86951 590
0.038781 0.93692 -0.13768 591
-0.032916 -0.31489 0.94444 592
-0.0373 0.66159 -0.73604 593
0.015863 0.60545 -0.83259 594
-0.089015 -0.94498 -0.29585 595
-0.052077 -0.41923 -0.9369 596
-0.063424 0.93184 -0.16434 597
-0.041812 -0.5953 -0.84838 598
0.05537 -0.80151 0.43426 599
0.01559 0.83056 -0.69946 600
0.051743 0.54449 0.94599 601
0.024483 0.89054 -0.080859 602
0.067616 -0.94313 -0.387 603
0.079784 -0.60918 -0.73528 604
0.099086 -0.55629 -0.87788 605
0.026484 -1.0379 -0.29296 606
0.079734 0.55117 -0.71153 607
-0.027232 0.80509 -0.58067 608
-0.0021623 0.14961 0.95306 609
0.033687 -0.96494 0.3575 610
0.071187 -0.79389 0.40895 611
-0.0014352 -0.66233 0.63904 612
0.068493 -0.50209 0.88917 613
0.0043132 0.96466 -0.4472 614
-0.017323 -0.66821 -0.73997 615
-0.040174 -0.49252 -0.91829 616
-0.055147 0.80242 -0.43204 617
-0.020883 -0.30018 -0.94168 618
0.05845 -0.52285 -0.89824 619
0.049478 0.86036 0.65323 620
-0.042605 -0.35935 -0.96027 621
-0.0024676 -0.93419 -0.0080479 622
0.020325 -0.72709 -0.68523 623
-0.083912 0.99846 -0.32856 624
-0.050684 -0.52004 -0.75614 625
-0.039479 0.027228 -0.93874 626
0.049948 -0.84724 -0.55152 627
-0.063757 -0.74387 0.66832 628
0.0045142 0.7585 0.56703 629
-0.014235 -0.88118 -0.29659 630
-9.4717e-005 0.85464 -0.55658 631
0.0471 -0.51341 0.8774 632
0.0183 0.37524 -0.89118 633
-0.093519 -0.66413 -0.67148 634
0.0015138 0.88462 -0.48756 635
0.018538 0.31816 -0.96933 636
0.075404 0.25745 0.88443 637
-0.11709 0.58754 0.82872 638
0.015614 0.56463 0.78905 639
-0.12873 -0.94285 -0.12747 640
-0.063253 0.26641 0.96787 641
-0.044382 -0.84256 0.6287 642
0.064357 0.5282 0.88298 643
-0.091924 0.97159 -0.40353 644
-0.044116 0.59215 0.79073 645
-0.0051827 0.23691 0.9816 646
0.0078234 -0.32967 -0.94915 647
-0.059797 -0.95552 -0.0039549 648
-0.10839 -0.97299 -0.06511 649
-0.099289 0.29272 -0.92989 650
-0.026319 -0.92541 0.34368 651
-0.12951 -0.81997 0.56827 652
0.073938 0.91922 -0.31912 653
0.051287 0.94762 -0.016492 654
-0.04594 -0.91153 -0.43891 655
0.027578 0.35111 -0.92281 656
-0.0030522 0.38118 0.90437 657
-0.01911 -0.97775 0.23801 658
0.10897 -1.0367 0.39862 659
0.053083 -1.027 -0.19502 660
-0.059977 0.89609 -0.52405 661
-0.05566 -0.45723 -0.75186 662
0.049316 -0.4243 -0.92012 663
-0.014835 0.65884 0.82062 664
-0.022919 -0.92942 -0.37733 665
-0.058059 0.55975 -0.82054 666
0.052209 -0.21333 -1.0567 667
0.061974 -0.53908 0.86413 668
0.021576 -0.12296 -1.0507 669
-0.096091 0.15646 0.98458 670
0.053406 0.87599 -0.42096 671
-0.0060473 -0.60143 -0.75616 672
0.030315 -0.91381 -0.30377 673
-0.05295 -0.12859 0.95184 674
-0.042533 -0.54234 -0.83798 675
-0.0022286 0.18207 -0.96366 676
0.063046 0.2884 -0.96894 677
0.012427 0.56817 0.73692 678
0.06897 -0.48284 0.85509 679
-0.035039 0.80871 -0.68782 680
-0.072268 0.8552 0.61841 681
0.0035752 -0.88857 0.35082 682
0.060965 0.52946 0.8744 683
-0.032052 -0.31324 -0.97631 684
0.0093884 -0.17393 0.93003 685
-0.044764 0.29447 0.84213 686
0.0096805 1.0239 0.18221 687
0.055177 -0.33938 -0.86655 688
0.098447 0.25586 -1.0532 689
0.1479 -0.89995 0.48705 690
-0.010256 -0.90737 0.43955 691
0.029089 0.92217 0.45654 692
-0.013744 -0.92955 -0.232 693
-0.036257 -0.66709 -0.72016 694
0.041989 0.2307 -0.99123 695
0.041713 0.92486 -0.41805 696
0.092109 0.78354 0.48187 697
0.012896 -0.66871 0.64673 698
-0.0076846 -0.74554 0.68946 699
-0.00064342 1.0066 0.15012 700
0.052287 -0.90006 -0.38533 701
0.078935 -0.85535 0.44311 702
0.11075 0.50166 -0.92469 703
-0.039451 0.80186 0.60782 704
-0.010306 -0.84626 0.56126 705
-0.024491 -0.97655 0.11162 706
0.012852 0.55198 0.80487 707
-0.057075 -0.82464 -0.54663 708
-0.0033985 -0.62028 -0.76311 709
-0.042743 -0.73859 0.73087 710
0.07455 0.88944 -0.57995 711
-0.010974 -0.79818 -0.54751 712
-0.053692 -0.10277 0.96866 713
-0.0039302 -0.2801 0.97165 714
-0.12593 1.049 0.07906 715
0.050479 0.51164 0.85996 716
-0.10301 0.68185 -0.63508 717
0.0046704 1.0041 0.21884 718
-0.05472 0.40224 0.98648 719
0.019995 0.058445 1.0347 720
-0.072244 0.15999 -0.94486 721
-0.046961 -0.25243 -0.98841 722
-0.056998 -0.62559 -0.66198 723
0.061212 1.0166 -0.28818 724
0.032192 0.92708 -0.57424 725
-0.042671 0.41407 0.98641 726
-0.040893 -0.21194 -0.96759 727
0.039425 0.87049 -0.33503 728
0.068555 0.40812 -0.91937 729
-0.026794 -0.66417 0.79316 730
0.0038174 0.98172 0.066807 731
0.017621 1.013 -0.2017 732
-0.017533 0.97951 0.001964 733
-0.0014094 -0.17621 1.0776 734
0.11039 -0.67549 0.67444 735
-0.0084712 -0.23928 -0.99587 736
0.014553 -0.86398 -0.5314 737
0.14789 -0.45669 0.79509 738
-0.010914 -0.44425 0.99248 739
0.014029 0.77859 0.68359 740
0.015099 0.53133 0.97656 741
-0.015617 -0.77267 0.4859 742
-0.051758 -0.83588 -0.51939 743
-0.028287 -0.70669 -0.75188 744
0.027753 0.47779 -0.83979 745
0.05358 0.66352 0.77172 746
-0.039425 0.70986 0.60938 747
-0.026047 1.0472 0.15355 748
-0.051529 0.84317 0.63949 749
0.019772 -0.05426 1.0282 750
-0.046298 0.66154 -0.70811 751
-0.002948 1.0116 0.4579 752
-0.049375 -0.44118 -0.91583 753
0.031843 -0.17023 0.95134 754
0.0081364 -0.51576 0.90773 755
-0.010391 -0.97663 0.23708 756
0.054709 0.60745 0.70404 757
-0.043149 0.024042 0.97209 758
0.027917 -0.34753 0.96144 759
0.0015447 -0.29211 0.87096 760
0.058738 -0.41319 -0.9325 761
-0.086746 0.4096 0.85858 762
0.038883 0.66122 -0.91409 763
0.062719 -0.59169 0.79569 764
-0.058562 0.58879 -0.82052 765
-0.044835 0.94734 0.51519 766
0.018027 0.56147 0.74678 767
-0.074518 0.5174 0.75846 768
0.070195 0.21476 -0.99132 769
-0.014857 -0.21722 0.98571 770
-0.042463 -0.94489 0.097161 771
-0.012843 -0.84652 -0.66996 772
-0.00099077 1.0044 0.088953 773
0.00085049 0.8566 0.34857 774
-0.054906 0.84063 -0.63853 775
-0.039953 -0.15392 1.0317 776
0.0068375 0.83167 0.53217 777
0.058835 -1.0083 0.054143 778
-0.010377 0.74812 0.76983 779
0.060516 0.68082 0.75887 780
0.074255 -0.84454 -0.44441 781
-0.015585 1.1062 0.15647 782
0.015568 0.68704 0.70218 783
0.096463 0.55735 -0.75635 784
0.10527 -0.5448 0.81039 785
-0.064309 0.69974 -0.79875 786
0.086733 -0.42747 0.82517 787
-0.080953 0.44434 -1.0275 788
-0.036786 0.14057 -0.99097 789
0.03836 0.32922 -0.92057 790
0.025824 -0.026916 -1.0348 791
0.013841 0.68362 -0.75931 792
0.04123 0.056312 0.97214 793
0.082832 -0.19805 -1.0046 794
-0.018656 0.83915 0.65858 795
-0.02938 -0.68306 -0.89137 796
0.091606 1.0237 0.21941 797
-0.026037 -0.24742 0.99014 798
-0.0098715 -0.56037 0.66233 799
0.01341 0.99229 0.051647 800
-0.075926 0.98182 -0.23913 801
0.01203 0.98093 0.19132 802
-0.056356 -0.79288 0.51282 803
0.0044139 -0.59369 0.80929 804
0.051677 0.9785 0.26431 805
-0.059958 0.61481 -0.75969 806
-0.051297 0.43718 -0.93319 807
0.020802 0.63805 0.64892 808
-0.023605 1.0337 0.048547 809
-0.034084 0.81288 0.46358 810
-0.044556 0.19244 -0.93966 811
-0.045882 -0.21931 -1.0446 812
-0.067694 -0.089503 -1.0573 813
-0.040935 1.0119 -0.18453 814
0.1083 0.10812 -0.98618 815
-0.020442 0.42173 -0.87978 816
0.068073 -1.0091 0.061828 817
-0.034855 0.91297 0.43284 818
-0.097365 -0.3466 0.94614 819
-0.031392 -0.75669 -0.58568 820
0.040501 0.71417 0.71203 821
-0.039029 0.94902 0.075421 822
0.0413 0.94517 0.14111 823
0.031902 1.0134 -0.12212 824
-0.039988 0.3417 -1.0033 825
0.001691 -1.0553 0.18491 826
0.010234 -0.92097 -0.33211 827
0.027224 0.95487 0.070861 828
-0.0023857 -0.69002 0.69378 829
-0.019672 -0.42494 -0.92252 830
0.018598 0.21407 -1.0507 831
0.0055212 -0.97681 -0.15107 832
0.031609 -0.7746 0.64345 833
-0.0054855 0.92092 0.42293 834
0.0064437 0.6196 -0.74053 835
0.063389 0.36807 -0.85852 836
0.0071306 -0.59287 0.744 837
0.0003454 -1.0042 -0.25652 838
0.012795 1.0334 0.1805 839
0.014114 0.84481 -0.55737 840
-0.017649 -0.47195 -0.89733 841
-0.029806 0.097576 0.86804 842
-0.011792 0.059296 0.99171 843
0.030089 -0.48287 0.91287 844
0.0011777 -0.9657 0.019421 845
0.0083497 -0.84142 -0.5159 846
0.052837 0.79711 0.48341 847
0.020431 -0.48096 0.81379 848
0.0063816 -0.81607 0.52759 849
-0.062336 -0.11127 -1.0325 850
0.062391 -0.93529 0.18986 851
0.012251 -0.94528 0.35188 852
-0.031004 0.1021 0.99447 853
0.014539 -0.3246 0.96719 854
-0.036177 -0.96606 0.22755 855
-0.044955 0.95579 0.1396 856
-0.046369 -0.057361 1.0063 857
-0.063518 0.26511 -0.99622 858
-0.054012 -0.42682 0.93364 859
0.012028 -1.0102 -0.27058 860
0.024687 -0.97388 0.0091559 861
0.00070892 -0.95508 -0.38817 862
0.01899 -1.0769 -0.1333 863
0.11736 -1.0301 -0.23641 864
0.068113 -0.38852 -0.86911 865
-0.059913 -0.91251 0.4669 866
-0.014533 -0.41939 0.82367 867
-0.065376 -0.78725 0.71637 868
-0.035799 -0.33734 0.95018 869
0.038748 -0.95575 0.32889 870
0.045004 1.084 0.20116 871
-0.016771 0.14649 -1.0303 872
0.035668 0.666 -0.78691 873
0.065388 0.90797 -0.29233 874
-0.018102 -0.7634 0.58121 875
-0.021827 0.86279 -0.38926 876
0.029326 1.0061 0.20925 877
-0.040621 0.87533 0.30214 878
-0.0024725 0.90967 0.38188 879
0.03069 -0.88854 0.48325 880
0.097819 -0.29926 -0.93419 881
0.029316 0.94826 0.28773 882
0.059689 0.96244 0.012376 883
0.047903 0.8208 0.38477 884
-0.040201 0.88462 -0.39333 885
-0.03476 -0.31588 0.93736 886
-0.049659 -0.43813 0.87488 887
-0.055239 0.44733 0.92001 888
0.029706 0.56971 0.86818 889
0.019509 -0.35487 0.89387 890
0.044901 0.82426 0.40407 891
-0.038519 -0.2875 -0.99035 892
0.025556 -0.55793 0.83423 893
-0.02119 -1.0691 -0.2699 894
-0.024507 -0.33961 -0.87959 895
0.049673 -0.90084 -0.43938 896
0.022619 -0.016308 -1.0507 897
0.022154 -0.68642 0.76631 898
-0.00089477 -1.0493 -0.031061 899
0.020414 -0.43022 0.96345 900
-0.010916 -0.86383 -0.413 901
0.019124 -0.27167 -1.023 902
-0.0088242 -0.42669 -0.95638 903
0.093415 -1.0147 -0.40053 904
-0.04346 -0.64137 0.83428 905
-0.014802 -0.8048 -0.68646 906
0.035801 -0.074401 0.99481 907
0.039424 0.9568 -0.14266 908
-0.012008 -0.41858 -1.0015 909
0.0084097 -0.99182 0.13297 910
-0.07057 0.69951 -0.6567 911
-0.076284 -0.68019 0.657 912
0.064891 0.11637 0.98543 913
-0.0011257 -0.74573 0.51273 914
-0.0049015 -0.23714 0.84836 915
0.11516 -0.3477 0.90436 916
0.048638 0.88907 0.35541 917
0.057403 -0.47341 0.87088 918
-0.026154 0.89916 -0.59001 919
-0.028082 -0.68699 -0.68611 920
-0.00043288 0.33731 -0.91555 921
-0.0074908 0.36198 -0.9179 922
-0.019275 -0.73356 -0.55844 923
-0.027194 -0.30158 -0.90018 924
0.011298 -0.10703 -1.0247 925
0.016264 -1.0229 -0.059887 926
-0.006853 0.92935 0.34251 927
0.11712 -0.16107 -0.97001 928
-0.037531 0.022315 1.0125 929
-5.7857e-005 0.14509 -0.95186 930
-0.071661 -1.0342 -0.2803 931
-0.012869 -0.90562 0.27708 932
-0.0036475 -0.72866 0.47404 933
-0.015543 -0.93359 0.035242 934
-0.087952 0.90518 0.097342 935
0.030513 -0.019592 0.96491 936
0.048939 0.95218 -0.22421 937
-0.11073 -0.30928 -0.93868 938
-0.046507 0.04535 -1.0159 939
-0.02293 0.06433 -0.90524 940
-0.00082702 0.384 -0.91503 941
-0.058252 -0.93208 0.2948 942
-0.012655 1.0659 -0.12292 943
-0.044307 0.2045 0.94531 944
-0.0064425 -0.80002 -0.075177 945
-0.024434 -0.99995 -0.059005 946
0.069371 -0.84133 0.31541 947
0.0055581 -0.92888 0.29713 948
0.036569 -0.33941 -0.94908 949
-0.030251 -0.83602 -0.70006 950
-0.014789 -0.90406 -0.43257 951
0.014107 -0.73404 -0.63449 952
0.0043616 0.16428 1.0418 953
-0.011034 -0.43961 0.9143 954
-0.044551 0.4445 -0.86587 955
-0.00076124 0.91352 0.23126 956
0.043595 0.97835 0.23091 957
-0.016236 0.44059 -0.81201 958
0.034057 0.053471 1.0014 959
-0.019613 1.0493 0.11979 960
0.041485 -0.90597 0.43102 961
-0.025075 0.11581 -0.98666 962
-0.029354 -0.51914 0.90324 963
-0.0053758 0.007239 0.98778 964
-0.043278 -0.30149 0.9145 965
-0.068276 -0.42403 -0.80239 966
-0.02556 0.8267 -0.55908 967
0.087537 -0.76936 0.60935 968
-0.047593 -0.58571 -0.85755 969
-0.079098 -0.81309 0.609 970
0.04851 -0.45025 -0.92031 971
-0.047053 0.77853 0.52171 972
0.0011869 -0.25555 1.0243 973
-0.019476 -0.50987 0.80107 974
0.028144 0.80161 0.41988 975
0.020411 -0.23332 0.92699 976
5.0571e-005 -0.46336 0.85741 977
-0.026887 -0.0372 -0.92818 978
0.094317 0.87235 0.5692 979
-0.0011526 0.29232 0.90762 980
-0.042455 0.13892 0.98032 981
0.040228 -0.79272 -0.54745 982
0.019231 0.66953 -0.69517 983
-0.050448 0.66522 0.73594 984
0.064065 -0.50571 0.94004 985
0.018977 -0.62163 0.80743 986
0.12259 0.68109 0.64081 987
-0.0027037 0.72842 0.5613 988
0.077666 -1.0073 -0.26781 989
0.042738 -0.97863 0.26308 990
0.040732 0.53925 -0.84487 991
-0.0084291 -1.0576 -0.090503 992
-0.060561 -0.91211 0.38588 993
0.035264 0.80608 -0.47126 994
-0.039393 0.96475 -0.29385 995
0.015524 -0.56614 0.86924 996
0.010564 0.99022 0.13571 997
0.038542 -0.40502 0.97134 998
0.0035068 -0.95265 -0.097193 999
0.033648 0.14951 -0.96676 1000
