$TYPE vec
$XDIM 850
$YDIM 1
$VEC_DIM 10
2.2854 4.7669 7.3488 3.9504 3.6407 2.8241 8.5849 6.3719 2.2839 9.9891 1
2.2723 4.7609 7.2971 3.8658 3.6038 2.9873 8.7485 6.1547 2.2715 9.7819 2
2.2403 4.555 7.3068 4.0605 3.3929 2.8658 8.5986 6.3228 2.36 9.7675 3
2.3032 4.8103 7.0389 4.182 3.5316 2.7501 8.6946 6.2995 2.3403 9.8566 4
2.2719 4.7638 7.3164 4.1541 3.5562 2.8302 8.6487 6.3711 2.3496 9.8729 5
2.3799 4.6997 7.2338 3.9914 3.4431 2.9422 8.7112 6.3669 2.463 9.6457 6
2.4126 4.6799 7.3476 3.8696 3.4346 2.7736 8.6986 6.2825 2.6151 9.9088 7
2.3223 4.7686 7.2448 3.9058 3.5296 3.0429 8.6875 6.1794 2.4939 9.7181 8
2.3554 4.861 7.3514 3.7824 3.6178 2.7823 8.5755 6.2861 2.4904 9.8664 9
2.4027 4.5751 7.1954 4.2029 3.7007 2.7239 8.6948 6.2695 2.3513 9.9081 10
2.3547 4.8105 7.2836 3.9465 3.5148 2.7766 8.6628 6.3418 2.2435 9.8615 11
2.371 4.7506 7.2392 3.9344 3.463 2.7181 8.8101 6.2496 2.2392 9.9981 12
2.3138 4.8441 7.4607 4.088 3.4992 2.8493 8.6999 6.2551 2.5816 9.7189 13
2.3733 4.7727 7.3745 3.9484 3.6719 2.8225 8.579 6.2879 2.2182 9.6145 14
2.4036 4.6336 7.2921 3.8488 3.5652 2.85 8.515 6.3141 2.512 9.7704 15
2.2693 4.8047 7.1425 3.8659 3.6293 2.9022 8.847 6.384 2.3303 9.7728 16
2.3267 4.9036 7.2718 4.0137 3.5577 2.7785 8.5585 6.2532 2.1701 9.6931 17
2.1429 4.7957 7.1379 3.8839 3.6419 2.8998 8.7838 6.2458 2.4444 9.8166 18
2.4339 4.8175 7.1824 4.0019 3.4666 2.8252 8.752 6.1971 2.6715 9.7467 19
2.508 4.8326 7.2371 4.1779 3.5785 2.9492 8.5543 6.3441 2.448 9.8588 20
2.2398 4.659 7.253 4.0042 3.6898 2.8272 8.7346 6.2565 2.2193 9.7499 21
2.2638 4.8131 7.2168 3.8975 3.6082 3.0881 8.618 6.1025 2.494 9.7835 22
2.2093 4.5608 7.3318 4.1252 3.7185 2.7488 8.7509 6.342 2.256 9.6962 23
2.2395 4.7128 7.4127 4.0695 3.6844 2.9031 8.7088 6.4264 2.5721 9.8046 24
2.3669 4.8316 7.4005 4.0218 3.3796 2.8866 8.6253 6.2254 2.105 9.9696 25
2.3929 4.7531 7.3379 4.1347 3.7199 2.9989 8.7718 6.2755 2.2065 9.7393 26
2.3864 4.545 7.1268 3.952 3.5117 2.8822 8.4236 6.1446 2.3761 9.7404 27
2.4261 4.7734 7.326 3.9448 3.3712 2.9048 8.6934 6.2308 2.4641 9.7545 28
2.2622 4.7231 7.2653 4.0347 3.4853 2.6715 8.9429 6.3199 2.1226 9.7004 29
2.2822 4.7429 7.4931 3.8961 3.5607 2.8325 8.7446 6.2803 2.3445 9.8484 30
2.3442 4.6155 7.2937 3.8255 3.5635 2.7708 8.5092 6.2837 2.4041 9.5796 31
2.2402 4.8479 7.2785 3.9666 3.5492 2.7853 8.8299 6.2599 2.2904 9.7878 32
2.2604 4.5947 7.2269 4.0554 3.4717 2.9667 8.4835 6.2449 2.411 9.7348 33
2.2957 4.7901 7.3505 4.0634 3.6803 3.0065 8.7627 6.1894 2.3797 9.8101 34
2.2623 4.67 7.0507 4.0425 3.71 2.8248 8.8161 6.273 2.5004 9.7035 35
2.4733 4.8592 7.1715 4.0625 3.4862 2.8632 8.5494 6.252 2.3178 9.7789 36
2.4526 4.707 7.155 4.0502 3.7658 2.8729 8.7217 6.3105 2.4388 9.8132 37
2.3668 4.7329 7.2657 3.8462 3.4894 2.6762 8.6227 6.1412 2.2777 9.7151 38
2.3755 4.6787 7.3241 3.8951 3.5927 2.842 8.7556 6.2085 2.3159 9.9402 39
2.5266 4.6576 7.4036 3.8494 3.6558 2.8231 8.6708 6.1486 2.3552 9.6736 40
2.4562 4.9004 7.2229 4.0865 3.6636 2.6895 8.5615 6.2725 2.3761 9.8124 41
2.3935 4.9209 7.2449 4.0664 3.4874 2.75 8.8051 6.2337 2.4067 9.7403 42
2.4464 4.8553 7.1462 4.0576 3.7876 2.9809 8.5739 6.2138 2.4143 9.6871 43
2.2515 4.7334 7.2947 4.1357 3.5243 3.0177 8.66 6.2808 2.5298 9.5209 44
2.333 4.8568 7.2074 3.8461 3.684 3.0248 8.7104 6.3357 2.5378 9.6669 45
2.5298 4.7097 7.2475 4.156 3.6335 2.8989 8.4511 6.2423 2.3603 9.7496 46
2.3391 4.6115 7.3906 4.0835 3.6744 3.0336 8.5145 6.3542 2.4283 9.5947 47
2.2814 4.7486 7.3232 4.205 3.5277 2.8211 8.6105 6.3528 2.4553 9.8562 48
2.3075 4.7043 7.2798 3.9646 3.6678 2.8085 8.554 6.2902 2.3601 9.7774 49
2.3964 4.7248 7.1894 3.9653 3.6918 2.8634 8.6519 5.907 2.4361 10.0022 50
0.25599 4.4807 7.2049 3.8339 3.4843 2.9093 8.699 6.1135 2.4418 9.91 51
0.41297 4.7658 7.2973 4.0052 3.6163 2.7931 8.8575 6.2849 2.4662 9.9225 52
0.28431 4.625 7.1407 3.926 3.6795 2.8807 8.4923 6.3645 2.3665 9.6238 53
0.45212 4.7801 7.302 4.022 3.6357 2.8134 8.7998 6.2841 2.3922 10.0379 54
0.36138 4.6473 7.3119 3.9422 3.6943 2.671 8.6622 6.152 2.2929 9.6501 55
0.44747 4.8915 7.3809 4.056 3.3795 2.887 8.7327 6.1366 2.2428 9.7962 56
0.41199 4.6511 7.0244 3.8612 3.4078 2.8975 8.5924 6.5071 2.3836 9.8246 57
0.38938 4.5963 7.2146 3.8841 3.633 2.9309 8.6822 6.388 2.4086 9.6795 58
0.20645 4.6435 7.2416 4.1723 3.6424 2.7369 8.8124 6.207 2.0719 9.6918 59
0.19028 4.8428 7.3619 4.0638 3.5779 2.824 8.6769 6.2671 2.3218 9.7623 60
0.2898 4.6489 7.3044 3.988 3.5731 2.8614 8.7279 6.2889 2.3838 9.6094 61
0.43223 4.7469 7.1916 3.9188 3.4987 3.0157 8.6627 6.4305 2.3248 9.8628 62
0.31501 4.7648 7.3523 4.0048 3.6225 2.9166 8.7405 6.2285 2.1995 9.6798 63
0.24896 4.8079 7.2658 3.9661 3.6062 2.835 8.6086 6.1853 2.3649 9.6226 64
0.4809 4.7871 7.2928 3.9638 3.5783 2.8795 8.5988 6.2456 2.4261 10.0301 65
0.30062 4.7487 7.2035 4.0123 3.5013 2.8047 8.5703 6.2823 2.5918 9.8797 66
0.233 4.5797 7.4166 3.7621 3.7827 2.8422 8.4432 6.2572 2.3483 9.8703 67
0.3504 4.7261 7.2667 3.9172 3.5524 2.8603 8.7179 6.3603 2.3043 9.8369 68
0.28872 4.6984 7.0359 3.949 3.5128 2.9521 8.8021 6.2951 2.4845 9.6499 69
0.46164 4.7497 7.3496 3.9594 3.5755 2.7467 8.6889 6.3278 2.4075 9.9645 70
0.21228 4.8868 7.1745 3.9184 3.5542 2.9495 8.7881 6.2388 2.4645 9.7128 71
0.285 4.7931 7.2357 3.998 3.6779 2.9072 8.6503 6.1639 2.339 9.7534 72
0.33728 4.8227 7.2734 4.0969 3.4745 2.7108 8.5549 6.2662 2.3903 9.724 73
0.29316 4.5942 7.3989 3.7392 3.6149 2.9008 8.555 6.2763 2.4801 9.7725 74
0.42339 4.7187 7.1837 3.9513 3.5639 2.8494 8.6558 6.1968 2.2665 9.6895 75
0.21183 4.849 7.2093 3.8465 3.7042 2.8701 8.6074 6.1755 2.2659 9.8253 76
0.32327 4.8014 7.274 4.0062 3.5993 2.9636 8.5135 6.2367 2.4392 9.7647 77
0.45204 4.7476 7.3308 4.0028 3.4927 3.0551 8.6008 6.1449 2.3094 9.8583 78
0.37073 4.7077 7.1847 3.9298 3.557 2.9458 8.8468 6.2379 2.4023 9.7607 79
0.35733 4.7589 7.4507 4.0227 3.7974 2.9261 8.6265 6.2656 2.4889 9.8095 80
0.28052 4.7931 7.2598 4.093 3.7629 2.8148 8.7485 6.2923 2.3508 9.7319 81
0.40954 4.7415 7.4428 3.8954 3.4422 2.7634 8.6807 6.0999 2.2163 9.8209 82
0.48601 4.8002 7.3094 3.9648 3.6895 2.9352 8.7857 6.3314 2.5158 9.808 83
0.58599 4.6738 7.0505 4.0841 3.592 2.8342 8.6627 6.3429 2.3759 9.8023 84
0.23265 4.7807 7.1257 4.1788 3.5308 2.8969 8.7847 6.1457 2.4579 9.7266 85
0.15441 4.7622 7.1948 4.0439 3.531 2.8127 8.6034 6.3011 2.3044 9.8214 86
0.358 4.8299 7.1728 4.0994 3.691 2.8713 8.6712 6.3079 2.0655 9.8387 87
0.39983 4.7273 7.2509 4.0026 3.5183 2.9793 8.3977 6.1224 2.3794 9.8188 88
0.29588 4.7959 7.3934 3.9438 3.5899 3.0193 8.9209 6.2967 2.3774 9.7037 89
0.33498 4.7475 7.3233 3.7657 3.6342 2.8649 8.5642 6.3489 2.1611 9.5937 90
0.34771 4.7452 7.3973 3.891 3.4697 2.7812 8.7319 6.1477 2.3846 9.9935 91
0.3428 4.7563 7.2268 4.0318 3.615 2.8834 8.6158 6.4161 2.3988 9.7758 92
0.26843 4.7873 7.3259 4.037 3.5513 2.873 8.6667 6.4299 2.3715 9.7381 93
0.40393 4.7081 7.2277 4.0027 3.4832 2.9535 8.8246 6.2641 2.2104 9.7264 94
0.30334 4.6024 7.1604 4.0656 3.8071 2.8195 8.6237 6.2498 2.6942 9.8265 95
0.44458 4.7981 7.5217 3.8605 3.619 2.949 8.5296 6.1072 2.5198 9.6504 96
0.36976 4.8128 7.357 4.1619 3.5529 2.9182 8.7308 6.164 2.2941 9.8867 97
0.30192 4.8398 7.2457 4.1147 3.4101 2.8375 8.5173 6.2551 2.408 9.8836 98
0.28063 4.7499 7.2628 4.0364 3.5486 2.7708 8.5873 6.2298 2.3984 9.8014 99
0.40772 4.6974 7.3364 3.9616 3.531 3.0166 8.5786 6.2379 2.4049 9.8047 100
1.4042 6.5975 7.1 3.9332 3.5539 2.8614 8.6097 6.3514 2.5783 9.8134 101
1.309 6.4579 7.412 3.9211 3.4937 2.8433 8.6835 6.3036 2.2915 9.7511 102
1.2614 6.6395 7.111 4.0471 3.5896 2.6076 8.587 6.21 2.5441 9.7647 103
1.3658 6.4135 7.2938 3.9198 3.7758 2.8362 8.5802 6.3436 2.4709 9.7088 104
1.3836 6.5198 7.1038 4.0293 3.6008 2.7327 8.6602 6.1706 2.3807 9.7594 105
1.293 6.5269 7.2651 4.1879 3.4646 2.8746 8.7397 6.3431 2.2016 9.7059 106
1.367 6.6151 7.2249 4.0446 3.6526 2.9418 8.7412 6.2637 2.2189 9.9367 107
1.3804 6.5211 7.3048 3.8336 3.6836 2.8746 8.6982 6.2004 2.4229 9.9258 108
1.3532 6.7098 7.1367 4.0369 3.4413 2.7256 8.7903 6.217 2.4536 9.8548 109
1.3685 6.472 7.384 3.9707 3.6686 2.9244 8.5788 6.3474 2.2982 9.856 110
1.4242 6.4384 7.3256 3.9812 3.6658 2.8722 8.707 6.1601 2.3867 9.8294 111
1.366 6.4391 7.0927 4.0746 3.7141 2.7854 8.6773 6.2198 2.4329 9.7781 112
1.2216 6.4884 7.083 3.9708 3.4047 2.8185 8.7269 6.2128 2.5082 9.6393 113
1.2438 6.4172 7.3394 4.0694 3.5679 2.8623 8.7693 6.4499 2.2683 9.7284 114
1.2457 6.3321 7.3295 3.9861 3.5975 2.9043 8.8578 6.1768 2.3882 9.9145 115
1.3493 6.6168 7.1867 3.9519 3.4967 2.9501 8.6821 6.1289 2.3438 9.7557 116
1.4199 6.5366 7.2358 4.0169 3.5789 2.9204 8.5868 6.2371 2.3494 9.8148 117
1.2125 6.5623 7.0516 4.0734 3.5609 2.9238 8.6171 6.2418 2.456 9.6731 118
1.4395 6.3921 7.2583 3.9219 3.6183 2.9649 8.5 6.4151 2.3408 9.6555 119
1.3697 6.4278 7.2398 3.9709 3.6637 2.9068 8.6772 6.3013 2.4433 9.6965 120
1.5668 6.3022 7.306 3.99 3.5899 2.8134 8.7527 6.1751 2.2693 9.9101 121
1.3612 6.4464 7.3426 3.8869 3.5092 2.5044 8.7691 6.3104 2.41 9.6904 122
1.2952 6.694 7.1073 4.056 3.6293 2.6405 8.523 6.2061 2.626 9.713 123
1.3551 6.4085 7.1779 3.917 3.4836 2.6835 8.7574 6.2419 2.4746 9.8114 124
1.4184 6.5287 7.1934 3.926 3.6543 2.8623 8.7106 6.2963 2.3968 9.72 125
1.4579 6.5528 7.3106 3.7315 3.5369 2.7896 8.8435 6.3494 2.2938 9.6753 126
1.4558 6.5692 6.9736 4.0527 3.6118 2.8438 8.6449 6.3035 2.4321 9.6208 127
1.3984 6.4211 7.2996 3.9985 3.6583 2.8246 8.88 6.386 2.4909 9.6803 128
1.5034 6.4783 7.0823 3.9015 3.7107 2.8004 8.739 6.1037 2.3776 9.4814 129
1.4162 6.3863 7.0643 3.9373 3.5372 2.9681 8.7102 6.1698 2.4823 9.5739 130
1.4684 6.6342 7.2007 3.931 3.6277 2.8041 8.7668 6.3818 2.4626 9.8813 131
1.2756 6.4033 7.2651 4.1037 3.7335 3.0166 8.7839 6.2035 2.4449 9.9327 132
1.397 6.4303 7.2319 3.8652 3.6467 3.0779 8.5836 6.4262 2.5223 9.8782 133
1.2299 6.3944 7.2604 4.0261 3.7013 2.9332 8.6904 6.1756 2.3263 9.8172 134
1.3818 6.3929 7.2459 3.8531 3.7909 2.6911 8.5105 6.2878 2.5236 9.865 135
1.3445 6.3495 7.0201 4.0258 3.7251 2.9697 8.7564 6.2638 2.5329 9.8388 136
1.3222 6.6425 7.1398 3.8485 3.5852 2.8384 8.4912 6.2019 2.5174 9.7471 137
1.3792 6.5018 7.2941 3.954 3.6801 2.9002 8.7174 6.2358 2.2441 9.7005 138
1.4988 6.5402 7.2423 4.1857 3.6018 2.7255 8.7492 6.2965 2.3083 9.811 139
1.3799 6.5505 7.2337 4.1221 3.7762 2.9974 8.7493 6.2384 2.4728 9.9765 140
1.3595 6.4752 7.3383 3.7528 3.4782 2.9001 8.8063 6.085 2.5246 9.6762 141
1.2466 6.5458 7.2391 3.839 3.5699 2.8846 8.5465 6.3918 2.4501 9.7961 142
1.552 6.5428 7.2322 3.9957 3.572 2.8442 8.71 6.2377 2.4305 9.8416 143
1.3957 6.5393 7.327 4.0281 3.6047 2.87 8.7013 6.2841 2.3297 9.8631 144
1.222 6.3705 7.0937 3.7745 3.4488 2.9636 8.8176 6.353 2.394 9.6667 145
1.4056 6.4613 7.2739 4.0619 3.4355 2.7922 8.7055 6.1244 2.4063 9.848 146
1.4696 6.5241 7.4315 4.0395 3.5663 2.6561 8.7471 6.1474 2.4703 9.8075 147
1.4642 6.3709 7.2284 3.8973 3.6373 3.0304 8.6308 6.4213 2.2775 9.7567 148
1.3914 6.5206 7.3998 3.9275 3.6932 3.0017 8.839 6.1203 2.515 9.7723 149
1.406 6.3515 7.123 4.153 3.5357 2.8392 8.7912 6.2618 2.6485 10.0487 150
6.254 2.2439 6.8134 6.6582 1.3472 0.22493 2.622 1.1652 0.69318 8.5293 151
6.4961 2.2891 6.8134 6.6582 1.3472 0.22493 2.622 1.1652 0.69318 8.5293 152
6.4059 2.146 6.8134 6.6582 1.3472 0.22493 2.622 1.1652 0.69318 8.5293 153
6.5866 2.2909 6.8134 6.6582 1.3472 0.22493 2.622 1.1652 0.69318 8.5293 154
6.249 2.3903 6.8134 6.6582 1.3472 0.22493 2.622 1.1652 0.69318 8.5293 155
6.4406 2.3127 6.8134 6.6582 1.3472 0.22493 2.622 1.1652 0.69318 8.5293 156
6.2966 2.2343 6.8134 6.6582 1.3472 0.22493 2.622 1.1652 0.69318 8.5293 157
6.5121 2.4001 6.8134 6.6582 1.3472 0.22493 2.622 1.1652 0.69318 8.5293 158
6.4131 2.1046 6.8134 6.6582 1.3472 0.22493 2.622 1.1652 0.69318 8.5293 159
6.3331 2.2287 6.8134 6.6582 1.3472 0.22493 2.622 1.1652 0.69318 8.5293 160
6.3805 2.3154 6.8134 6.6582 1.3472 0.22493 2.622 1.1652 0.69318 8.5293 161
6.36 2.3325 6.8134 6.6582 1.3472 0.22493 2.622 1.1652 0.69318 8.5293 162
6.459 2.3113 6.8134 6.6582 1.3472 0.22493 2.622 1.1652 0.69318 8.5293 163
6.3954 2.2523 6.8134 6.6582 1.3472 0.22493 2.622 1.1652 0.69318 8.5293 164
6.4176 2.2534 6.8134 6.6582 1.3472 0.22493 2.622 1.1652 0.69318 8.5293 165
6.4873 2.2387 6.8134 6.6582 1.3472 0.22493 2.622 1.1652 0.69318 8.5293 166
6.3721 2.1912 6.8134 6.6582 1.3472 0.22493 2.622 1.1652 0.69318 8.5293 167
6.4204 2.3594 6.8134 6.6582 1.3472 0.22493 2.622 1.1652 0.69318 8.5293 168
6.2109 2.2912 6.8134 6.6582 1.3472 0.22493 2.622 1.1652 0.69318 8.5293 169
6.5743 2.28 6.8134 6.6582 1.3472 0.22493 2.622 1.1652 0.69318 8.5293 170
6.2997 2.1055 6.8134 6.6582 1.3472 0.22493 2.622 1.1652 0.69318 8.5293 171
6.419 2.35 6.8134 6.6582 1.3472 0.22493 2.622 1.1652 0.69318 8.5293 172
6.4409 2.2387 6.8134 6.6582 1.3472 0.22493 2.622 1.1652 0.69318 8.5293 173
6.3892 2.4932 6.8134 6.6582 1.3472 0.22493 2.622 1.1652 0.69318 8.5293 174
6.4002 2.445 6.8134 6.6582 1.3472 0.22493 2.622 1.1652 0.69318 8.5293 175
6.3725 2.1671 6.8134 6.6582 1.3472 0.22493 2.622 1.1652 0.69318 8.5293 176
6.513 1.9928 6.8134 6.6582 1.3472 0.22493 2.622 1.1652 0.69318 8.5293 177
6.5034 2.3257 6.8134 6.6582 1.3472 0.22493 2.622 1.1652 0.69318 8.5293 178
6.4754 2.2664 6.8134 6.6582 1.3472 0.22493 2.622 1.1652 0.69318 8.5293 179
6.6279 2.1844 6.8134 6.6582 1.3472 0.22493 2.622 1.1652 0.69318 8.5293 180
6.4721 2.4167 6.8134 6.6582 1.3472 0.22493 2.622 1.1652 0.69318 8.5293 181
6.2933 2.2958 6.8134 6.6582 1.3472 0.22493 2.622 1.1652 0.69318 8.5293 182
6.4006 2.1536 6.8134 6.6582 1.3472 0.22493 2.622 1.1652 0.69318 8.5293 183
6.4648 2.2213 6.8134 6.6582 1.3472 0.22493 2.622 1.1652 0.69318 8.5293 184
6.6518 2.3722 6.8134 6.6582 1.3472 0.22493 2.622 1.1652 0.69318 8.5293 185
6.3903 2.3578 6.8134 6.6582 1.3472 0.22493 2.622 1.1652 0.69318 8.5293 186
6.242 2.1613 6.8134 6.6582 1.3472 0.22493 2.622 1.1652 0.69318 8.5293 187
6.5195 2.2206 6.8134 6.6582 1.3472 0.22493 2.622 1.1652 0.69318 8.5293 188
6.5474 2.4223 6.8134 6.6582 1.3472 0.22493 2.622 1.1652 0.69318 8.5293 189
6.4847 2.3221 6.8134 6.6582 1.3472 0.22493 2.622 1.1652 0.69318 8.5293 190
6.3775 2.1564 6.8134 6.6582 1.3472 0.22493 2.622 1.1652 0.69318 8.5293 191
6.4368 2.3889 6.8134 6.6582 1.3472 0.22493 2.622 1.1652 0.69318 8.5293 192
6.4476 2.4088 6.8134 6.6582 1.3472 0.22493 2.622 1.1652 0.69318 8.5293 193
6.3755 2.2176 6.8134 6.6582 1.3472 0.22493 2.622 1.1652 0.69318 8.5293 194
6.5689 2.1607 6.8134 6.6582 1.3472 0.22493 2.622 1.1652 0.69318 8.5293 195
6.4243 2.2158 6.8134 6.6582 1.3472 0.22493 2.622 1.1652 0.69318 8.5293 196
6.3925 2.1434 6.8134 6.6582 1.3472 0.22493 2.622 1.1652 0.69318 8.5293 197
6.4705 2.2299 6.8134 6.6582 1.3472 0.22493 2.622 1.1652 0.69318 8.5293 198
6.4039 2.3032 6.8134 6.6582 1.3472 0.22493 2.622 1.1652 0.69318 8.5293 199
6.5238 2.3443 6.8134 6.6582 1.3472 0.22493 2.622 1.1652 0.69318 8.5293 200
6.3825 2.0731 6.8134 6.6582 1.3472 0.22493 2.622 1.1652 0.69318 8.5293 201
6.6029 2.2701 6.8134 6.6582 1.3472 0.22493 2.622 1.1652 0.69318 8.5293 202
6.3743 2.4481 6.8134 6.6582 1.3472 0.22493 2.622 1.1652 0.69318 8.5293 203
6.4098 2.2365 6.8134 6.6582 1.3472 0.22493 2.622 1.1652 0.69318 8.5293 204
6.5763 2.4212 6.8134 6.6582 1.3472 0.22493 2.622 1.1652 0.69318 8.5293 205
6.4194 2.3902 6.8134 6.6582 1.3472 0.22493 2.622 1.1652 0.69318 8.5293 206
6.4379 2.4794 6.8134 6.6582 1.3472 0.22493 2.622 1.1652 0.69318 8.5293 207
6.4309 2.4351 6.8134 6.6582 1.3472 0.22493 2.622 1.1652 0.69318 8.5293 208
6.274 2.2995 6.8134 6.6582 1.3472 0.22493 2.622 1.1652 0.69318 8.5293 209
6.3803 2.2363 6.8134 6.6582 1.3472 0.22493 2.622 1.1652 0.69318 8.5293 210
6.4975 2.1017 6.8134 6.6582 1.3472 0.22493 2.622 1.1652 0.69318 8.5293 211
6.4657 2.3513 6.8134 6.6582 1.3472 0.22493 2.622 1.1652 0.69318 8.5293 212
6.4465 2.206 6.8134 6.6582 1.3472 0.22493 2.622 1.1652 0.69318 8.5293 213
6.387 2.1977 6.8134 6.6582 1.3472 0.22493 2.622 1.1652 0.69318 8.5293 214
6.4429 2.2594 6.8134 6.6582 1.3472 0.22493 2.622 1.1652 0.69318 8.5293 215
6.5042 2.0916 6.8134 6.6582 1.3472 0.22493 2.622 1.1652 0.69318 8.5293 216
6.4578 2.3448 6.8134 6.6582 1.3472 0.22493 2.622 1.1652 0.69318 8.5293 217
6.4073 2.2351 6.8134 6.6582 1.3472 0.22493 2.622 1.1652 0.69318 8.5293 218
6.3628 2.2634 6.8134 6.6582 1.3472 0.22493 2.622 1.1652 0.69318 8.5293 219
6.3073 2.1933 6.8134 6.6582 1.3472 0.22493 2.622 1.1652 0.69318 8.5293 220
6.3891 2.4248 6.8134 6.6582 1.3472 0.22493 2.622 1.1652 0.69318 8.5293 221
6.3846 2.4289 6.8134 6.6582 1.3472 0.22493 2.622 1.1652 0.69318 8.5293 222
6.3824 2.4659 6.8134 6.6582 1.3472 0.22493 2.622 1.1652 0.69318 8.5293 223
6.4108 2.3459 6.8134 6.6582 1.3472 0.22493 2.622 1.1652 0.69318 8.5293 224
6.5245 2.3724 6.8134 6.6582 1.3472 0.22493 2.622 1.1652 0.69318 8.5293 225
6.4821 2.2738 6.8134 6.6582 1.3472 0.22493 2.622 1.1652 0.69318 8.5293 226
6.3907 2.4018 6.8134 6.6582 1.3472 0.22493 2.622 1.1652 0.69318 8.5293 227
6.4706 2.4527 6.8134 6.6582 1.3472 0.22493 2.622 1.1652 0.69318 8.5293 228
6.4527 2.2543 6.8134 6.6582 1.3472 0.22493 2.622 1.1652 0.69318 8.5293 229
6.3702 2.2148 6.8134 6.6582 1.3472 0.22493 2.622 1.1652 0.69318 8.5293 230
6.2987 2.1429 6.8134 6.6582 1.3472 0.22493 2.622 1.1652 0.69318 8.5293 231
6.3263 2.2939 6.8134 6.6582 1.3472 0.22493 2.622 1.1652 0.69318 8.5293 232
6.5836 2.2922 6.8134 6.6582 1.3472 0.22493 2.622 1.1652 0.69318 8.5293 233
6.2406 2.3135 6.8134 6.6582 1.3472 0.22493 2.622 1.1652 0.69318 8.5293 234
6.5514 2.2162 6.8134 6.6582 1.3472 0.22493 2.622 1.1652 0.69318 8.5293 235
6.5874 2.3784 6.8134 6.6582 1.3472 0.22493 2.622 1.1652 0.69318 8.5293 236
6.4446 2.5162 6.8134 6.6582 1.3472 0.22493 2.622 1.1652 0.69318 8.5293 237
6.517 2.2544 6.8134 6.6582 1.3472 0.22493 2.622 1.1652 0.69318 8.5293 238
6.5894 2.0608 6.8134 6.6582 1.3472 0.22493 2.622 1.1652 0.69318 8.5293 239
6.3829 2.3149 6.8134 6.6582 1.3472 0.22493 2.622 1.1652 0.69318 8.5293 240
6.279 2.4431 6.8134 6.6582 1.3472 0.22493 2.622 1.1652 0.69318 8.5293 241
6.4603 2.2218 6.8134 6.6582 1.3472 0.22493 2.622 1.1652 0.69318 8.5293 242
6.471 2.2979 6.8134 6.6582 1.3472 0.22493 2.622 1.1652 0.69318 8.5293 243
6.2546 2.304 6.8134 6.6582 1.3472 0.22493 2.622 1.1652 0.69318 8.5293 244
6.5317 2.2459 6.8134 6.6582 1.3472 0.22493 2.622 1.1652 0.69318 8.5293 245
6.5522 2.3113 6.8134 6.6582 1.3472 0.22493 2.622 1.1652 0.69318 8.5293 246
6.374 2.1388 6.8134 6.6582 1.3472 0.22493 2.622 1.1652 0.69318 8.5293 247
6.2236 2.2667 6.8134 6.6582 1.3472 0.22493 2.622 1.1652 0.69318 8.5293 248
6.2733 2.2652 6.8134 6.6582 1.3472 0.22493 2.622 1.1652 0.69318 8.5293 249
6.4409 2.2489 6.8134 6.6582 1.3472 0.22493 2.622 1.1652 0.69318 8.5293 250
6.387 2.1948 6.8134 6.6582 1.3472 0.22493 2.622 1.1652 0.69318 8.5293 251
6.3743 2.3698 6.8134 6.6582 1.3472 0.22493 2.622 1.1652 0.69318 8.5293 252
6.5207 2.2591 6.8134 6.6582 1.3472 0.22493 2.622 1.1652 0.69318 8.5293 253
6.4306 2.3197 6.8134 6.6582 1.3472 0.22493 2.622 1.1652 0.69318 8.5293 254
6.5352 2.469 6.8134 6.6582 1.3472 0.22493 2.622 1.1652 0.69318 8.5293 255
6.3708 2.276 6.8134 6.6582 1.3472 0.22493 2.622 1.1652 0.69318 8.5293 256
6.5471 2.1975 6.8134 6.6582 1.3472 0.22493 2.622 1.1652 0.69318 8.5293 257
6.4901 2.2782 6.8134 6.6582 1.3472 0.22493 2.622 1.1652 0.69318 8.5293 258
6.5171 2.2102 6.8134 6.6582 1.3472 0.22493 2.622 1.1652 0.69318 8.5293 259
6.5137 2.2489 6.8134 6.6582 1.3472 0.22493 2.622 1.1652 0.69318 8.5293 260
6.4621 2.2044 6.8134 6.6582 1.3472 0.22493 2.622 1.1652 0.69318 8.5293 261
6.4678 2.4086 6.8134 6.6582 1.3472 0.22493 2.622 1.1652 0.69318 8.5293 262
6.2635 2.2863 6.8134 6.6582 1.3472 0.22493 2.622 1.1652 0.69318 8.5293 263
6.3888 2.3003 6.8134 6.6582 1.3472 0.22493 2.622 1.1652 0.69318 8.5293 264
6.5909 2.3733 6.8134 6.6582 1.3472 0.22493 2.622 1.1652 0.69318 8.5293 265
6.2591 2.326 6.8134 6.6582 1.3472 0.22493 2.622 1.1652 0.69318 8.5293 266
6.3888 2.4065 6.8134 6.6582 1.3472 0.22493 2.622 1.1652 0.69318 8.5293 267
6.5376 2.0739 6.8134 6.6582 1.3472 0.22493 2.622 1.1652 0.69318 8.5293 268
6.4337 2.2075 6.8134 6.6582 1.3472 0.22493 2.622 1.1652 0.69318 8.5293 269
6.3571 2.4764 6.8134 6.6582 1.3472 0.22493 2.622 1.1652 0.69318 8.5293 270
6.3876 2.4051 6.8134 6.6582 1.3472 0.22493 2.622 1.1652 0.69318 8.5293 271
6.3416 2.4516 6.8134 6.6582 1.3472 0.22493 2.622 1.1652 0.69318 8.5293 272
6.5608 2.2968 6.8134 6.6582 1.3472 0.22493 2.622 1.1652 0.69318 8.5293 273
6.4458 2.2343 6.8134 6.6582 1.3472 0.22493 2.622 1.1652 0.69318 8.5293 274
6.5289 2.2521 6.8134 6.6582 1.3472 0.22493 2.622 1.1652 0.69318 8.5293 275
6.4316 2.2619 6.8134 6.6582 1.3472 0.22493 2.622 1.1652 0.69318 8.5293 276
6.5426 2.1321 6.8134 6.6582 1.3472 0.22493 2.622 1.1652 0.69318 8.5293 277
6.444 2.2859 6.8134 6.6582 1.3472 0.22493 2.622 1.1652 0.69318 8.5293 278
6.476 2.3488 6.8134 6.6582 1.3472 0.22493 2.622 1.1652 0.69318 8.5293 279
6.5423 2.1406 6.8134 6.6582 1.3472 0.22493 2.622 1.1652 0.69318 8.5293 280
6.558 2.1006 6.8134 6.6582 1.3472 0.22493 2.622 1.1652 0.69318 8.5293 281
6.3361 2.2263 6.8134 6.6582 1.3472 0.22493 2.622 1.1652 0.69318 8.5293 282
6.5335 2.3917 6.8134 6.6582 1.3472 0.22493 2.622 1.1652 0.69318 8.5293 283
6.2 2.2148 6.8134 6.6582 1.3472 0.22493 2.622 1.1652 0.69318 8.5293 284
6.3932 2.2764 6.8134 6.6582 1.3472 0.22493 2.622 1.1652 0.69318 8.5293 285
6.4756 2.3995 6.8134 6.6582 1.3472 0.22493 2.622 1.1652 0.69318 8.5293 286
6.6588 2.2173 6.8134 6.6582 1.3472 0.22493 2.622 1.1652 0.69318 8.5293 287
6.3473 2.2347 6.8134 6.6582 1.3472 0.22493 2.622 1.1652 0.69318 8.5293 288
6.3602 2.355 6.8134 6.6582 1.3472 0.22493 2.622 1.1652 0.69318 8.5293 289
6.3173 2.2177 6.8134 6.6582 1.3472 0.22493 2.622 1.1652 0.69318 8.5293 290
6.4403 2.2537 6.8134 6.6582 1.3472 0.22493 2.622 1.1652 0.69318 8.5293 291
6.3277 2.4189 6.8134 6.6582 1.3472 0.22493 2.622 1.1652 0.69318 8.5293 292
6.2864 2.321 6.8134 6.6582 1.3472 0.22493 2.622 1.1652 0.69318 8.5293 293
6.4113 2.2076 6.8134 6.6582 1.3472 0.22493 2.622 1.1652 0.69318 8.5293 294
6.356 2.2543 6.8134 6.6582 1.3472 0.22493 2.622 1.1652 0.69318 8.5293 295
6.3574 2.3083 6.8134 6.6582 1.3472 0.22493 2.622 1.1652 0.69318 8.5293 296
6.4628 2.1892 6.8134 6.6582 1.3472 0.22493 2.622 1.1652 0.69318 8.5293 297
6.355 2.345 6.8134 6.6582 1.3472 0.22493 2.622 1.1652 0.69318 8.5293 298
6.5549 2.344 6.8134 6.6582 1.3472 0.22493 2.622 1.1652 0.69318 8.5293 299
6.3221 2.3026 6.8134 6.6582 1.3472 0.22493 2.622 1.1652 0.69318 8.5293 300
2.6836 -0.15214 7.3393 5.3652 2.7603 3.6846 0.12886 8.8921 8.6602 2.5425 301
2.7698 -0.17952 7.3393 5.3652 2.7603 3.6846 0.12886 8.8921 8.6602 2.5425 302
2.9749 -0.30395 7.3393 5.3652 2.7603 3.6846 0.12886 8.8921 8.6602 2.5425 303
2.7904 -0.2909 7.3393 5.3652 2.7603 3.6846 0.12886 8.8921 8.6602 2.5425 304
2.6106 -0.090656 7.3393 5.3652 2.7603 3.6846 0.12886 8.8921 8.6602 2.5425 305
2.7922 -0.24728 7.3393 5.3652 2.7603 3.6846 0.12886 8.8921 8.6602 2.5425 306
2.9375 -0.22955 7.3393 5.3652 2.7603 3.6846 0.12886 8.8921 8.6602 2.5425 307
2.827 -0.27167 7.3393 5.3652 2.7603 3.6846 0.12886 8.8921 8.6602 2.5425 308
2.8855 -0.18049 7.3393 5.3652 2.7603 3.6846 0.12886 8.8921 8.6602 2.5425 309
2.8643 -0.16398 7.3393 5.3652 2.7603 3.6846 0.12886 8.8921 8.6602 2.5425 310
2.7939 -0.06305 7.3393 5.3652 2.7603 3.6846 0.12886 8.8921 8.6602 2.5425 311
2.6985 -0.20251 7.3393 5.3652 2.7603 3.6846 0.12886 8.8921 8.6602 2.5425 312
2.955 -0.22883 7.3393 5.3652 2.7603 3.6846 0.12886 8.8921 8.6602 2.5425 313
2.6968 -0.26053 7.3393 5.3652 2.7603 3.6846 0.12886 8.8921 8.6602 2.5425 314
2.726 -0.27345 7.3393 5.3652 2.7603 3.6846 0.12886 8.8921 8.6602 2.5425 315
2.8142 -0.33213 7.3393 5.3652 2.7603 3.6846 0.12886 8.8921 8.6602 2.5425 316
2.6964 -0.29989 7.3393 5.3652 2.7603 3.6846 0.12886 8.8921 8.6602 2.5425 317
2.718 -0.30195 7.3393 5.3652 2.7603 3.6846 0.12886 8.8921 8.6602 2.5425 318
2.6883 -0.44082 7.3393 5.3652 2.7603 3.6846 0.12886 8.8921 8.6602 2.5425 319
2.7845 -0.33212 7.3393 5.3652 2.7603 3.6846 0.12886 8.8921 8.6602 2.5425 320
2.7418 -0.24882 7.3393 5.3652 2.7603 3.6846 0.12886 8.8921 8.6602 2.5425 321
2.957 -0.17796 7.3393 5.3652 2.7603 3.6846 0.12886 8.8921 8.6602 2.5425 322
2.8283 -0.2885 7.3393 5.3652 2.7603 3.6846 0.12886 8.8921 8.6602 2.5425 323
2.8082 -0.40435 7.3393 5.3652 2.7603 3.6846 0.12886 8.8921 8.6602 2.5425 324
2.9151 -0.29606 7.3393 5.3652 2.7603 3.6846 0.12886 8.8921 8.6602 2.5425 325
2.7076 -0.47622 7.3393 5.3652 2.7603 3.6846 0.12886 8.8921 8.6602 2.5425 326
2.6967 -0.26963 7.3393 5.3652 2.7603 3.6846 0.12886 8.8921 8.6602 2.5425 327
2.7674 -0.43558 7.3393 5.3652 2.7603 3.6846 0.12886 8.8921 8.6602 2.5425 328
2.7085 -0.093853 7.3393 5.3652 2.7603 3.6846 0.12886 8.8921 8.6602 2.5425 329
2.7397 -0.23726 7.3393 5.3652 2.7603 3.6846 0.12886 8.8921 8.6602 2.5425 330
2.8194 -0.26659 7.3393 5.3652 2.7603 3.6846 0.12886 8.8921 8.6602 2.5425 331
2.8322 -0.29243 7.3393 5.3652 2.7603 3.6846 0.12886 8.8921 8.6602 2.5425 332
2.8085 -0.35886 7.3393 5.3652 2.7603 3.6846 0.12886 8.8921 8.6602 2.5425 333
2.7284 -0.29169 7.3393 5.3652 2.7603 3.6846 0.12886 8.8921 8.6602 2.5425 334
2.8254 -0.47489 7.3393 5.3652 2.7603 3.6846 0.12886 8.8921 8.6602 2.5425 335
2.7981 -0.16124 7.3393 5.3652 2.7603 3.6846 0.12886 8.8921 8.6602 2.5425 336
2.7534 -0.31596 7.3393 5.3652 2.7603 3.6846 0.12886 8.8921 8.6602 2.5425 337
2.8818 -0.11412 7.3393 5.3652 2.7603 3.6846 0.12886 8.8921 8.6602 2.5425 338
2.6811 -0.27006 7.3393 5.3652 2.7603 3.6846 0.12886 8.8921 8.6602 2.5425 339
2.8271 -0.29126 7.3393 5.3652 2.7603 3.6846 0.12886 8.8921 8.6602 2.5425 340
2.8647 -0.20548 7.3393 5.3652 2.7603 3.6846 0.12886 8.8921 8.6602 2.5425 341
2.7085 -0.2588 7.3393 5.3652 2.7603 3.6846 0.12886 8.8921 8.6602 2.5425 342
2.8085 -0.1936 7.3393 5.3652 2.7603 3.6846 0.12886 8.8921 8.6602 2.5425 343
2.6958 -0.18164 7.3393 5.3652 2.7603 3.6846 0.12886 8.8921 8.6602 2.5425 344
2.741 -0.23696 7.3393 5.3652 2.7603 3.6846 0.12886 8.8921 8.6602 2.5425 345
2.7848 -0.20811 7.3393 5.3652 2.7603 3.6846 0.12886 8.8921 8.6602 2.5425 346
2.6396 -0.26854 7.3393 5.3652 2.7603 3.6846 0.12886 8.8921 8.6602 2.5425 347
2.6759 -0.2188 7.3393 5.3652 2.7603 3.6846 0.12886 8.8921 8.6602 2.5425 348
2.8062 -0.23586 7.3393 5.3652 2.7603 3.6846 0.12886 8.8921 8.6602 2.5425 349
2.7134 -0.29015 7.3393 5.3652 2.7603 3.6846 0.12886 8.8921 8.6602 2.5425 350
0.72777 -0.2824 7.3393 5.3652 2.7603 3.6846 0.12886 8.8921 8.6602 2.5425 351
0.73858 -0.43702 7.3393 5.3652 2.7603 3.6846 0.12886 8.8921 8.6602 2.5425 352
0.95888 -0.15403 7.3393 5.3652 2.7603 3.6846 0.12886 8.8921 8.6602 2.5425 353
0.63709 -0.12112 7.3393 5.3652 2.7603 3.6846 0.12886 8.8921 8.6602 2.5425 354
0.73431 -0.32206 7.3393 5.3652 2.7603 3.6846 0.12886 8.8921 8.6602 2.5425 355
0.70703 -0.16899 7.3393 5.3652 2.7603 3.6846 0.12886 8.8921 8.6602 2.5425 356
0.86414 -0.13033 7.3393 5.3652 2.7603 3.6846 0.12886 8.8921 8.6602 2.5425 357
0.94899 -0.15272 7.3393 5.3652 2.7603 3.6846 0.12886 8.8921 8.6602 2.5425 358
0.75303 -0.0092083 7.3393 5.3652 2.7603 3.6846 0.12886 8.8921 8.6602 2.5425 359
0.95846 -0.29249 7.3393 5.3652 2.7603 3.6846 0.12886 8.8921 8.6602 2.5425 360
0.81927 -0.2373 7.3393 5.3652 2.7603 3.6846 0.12886 8.8921 8.6602 2.5425 361
0.86065 -0.33952 7.3393 5.3652 2.7603 3.6846 0.12886 8.8921 8.6602 2.5425 362
0.7 -0.49774 7.3393 5.3652 2.7603 3.6846 0.12886 8.8921 8.6602 2.5425 363
0.73415 -0.20827 7.3393 5.3652 2.7603 3.6846 0.12886 8.8921 8.6602 2.5425 364
0.78801 -0.25208 7.3393 5.3652 2.7603 3.6846 0.12886 8.8921 8.6602 2.5425 365
0.83175 -0.32323 7.3393 5.3652 2.7603 3.6846 0.12886 8.8921 8.6602 2.5425 366
0.85848 -0.33446 7.3393 5.3652 2.7603 3.6846 0.12886 8.8921 8.6602 2.5425 367
0.96602 -0.20178 7.3393 5.3652 2.7603 3.6846 0.12886 8.8921 8.6602 2.5425 368
0.7467 -0.24811 7.3393 5.3652 2.7603 3.6846 0.12886 8.8921 8.6602 2.5425 369
0.76313 -0.18028 7.3393 5.3652 2.7603 3.6846 0.12886 8.8921 8.6602 2.5425 370
0.92034 -0.40132 7.3393 5.3652 2.7603 3.6846 0.12886 8.8921 8.6602 2.5425 371
0.9261 -0.47271 7.3393 5.3652 2.7603 3.6846 0.12886 8.8921 8.6602 2.5425 372
0.90272 -0.30569 7.3393 5.3652 2.7603 3.6846 0.12886 8.8921 8.6602 2.5425 373
0.80476 -0.3851 7.3393 5.3652 2.7603 3.6846 0.12886 8.8921 8.6602 2.5425 374
0.85275 -0.28876 7.3393 5.3652 2.7603 3.6846 0.12886 8.8921 8.6602 2.5425 375
0.69033 -0.34996 7.3393 5.3652 2.7603 3.6846 0.12886 8.8921 8.6602 2.5425 376
0.9238 -0.20525 7.3393 5.3652 2.7603 3.6846 0.12886 8.8921 8.6602 2.5425 377
0.95091 -0.11458 7.3393 5.3652 2.7603 3.6846 0.12886 8.8921 8.6602 2.5425 378
0.82203 -0.25187 7.3393 5.3652 2.7603 3.6846 0.12886 8.8921 8.6602 2.5425 379
0.48584 -0.32075 7.3393 5.3652 2.7603 3.6846 0.12886 8.8921 8.6602 2.5425 380
0.81178 -0.32051 7.3393 5.3652 2.7603 3.6846 0.12886 8.8921 8.6602 2.5425 381
0.69255 -0.31045 7.3393 5.3652 2.7603 3.6846 0.12886 8.8921 8.6602 2.5425 382
0.85573 -0.23654 7.3393 5.3652 2.7603 3.6846 0.12886 8.8921 8.6602 2.5425 383
0.72705 -0.20774 7.3393 5.3652 2.7603 3.6846 0.12886 8.8921 8.6602 2.5425 384
0.71986 -0.36107 7.3393 5.3652 2.7603 3.6846 0.12886 8.8921 8.6602 2.5425 385
0.78009 -0.36473 7.3393 5.3652 2.7603 3.6846 0.12886 8.8921 8.6602 2.5425 386
0.73705 -0.30757 7.3393 5.3652 2.7603 3.6846 0.12886 8.8921 8.6602 2.5425 387
0.78878 -0.34969 7.3393 5.3652 2.7603 3.6846 0.12886 8.8921 8.6602 2.5425 388
0.95283 -0.082133 7.3393 5.3652 2.7603 3.6846 0.12886 8.8921 8.6602 2.5425 389
0.69924 0.0047249 7.3393 5.3652 2.7603 3.6846 0.12886 8.8921 8.6602 2.5425 390
0.7798 -0.20596 7.3393 5.3652 2.7603 3.6846 0.12886 8.8921 8.6602 2.5425 391
0.60508 -0.42734 7.3393 5.3652 2.7603 3.6846 0.12886 8.8921 8.6602 2.5425 392
0.83013 -0.33187 7.3393 5.3652 2.7603 3.6846 0.12886 8.8921 8.6602 2.5425 393
0.89612 -0.21174 7.3393 5.3652 2.7603 3.6846 0.12886 8.8921 8.6602 2.5425 394
0.86621 -0.47941 7.3393 5.3652 2.7603 3.6846 0.12886 8.8921 8.6602 2.5425 395
0.99383 -0.25791 7.3393 5.3652 2.7603 3.6846 0.12886 8.8921 8.6602 2.5425 396
0.7155 -0.29181 7.3393 5.3652 2.7603 3.6846 0.12886 8.8921 8.6602 2.5425 397
0.86745 -0.28623 7.3393 5.3652 2.7603 3.6846 0.12886 8.8921 8.6602 2.5425 398
0.88843 -0.36075 7.3393 5.3652 2.7603 3.6846 0.12886 8.8921 8.6602 2.5425 399
0.79505 -0.23286 7.3393 5.3652 2.7603 3.6846 0.12886 8.8921 8.6602 2.5425 400
1.9081 1.3697 7.3393 5.3652 2.7603 3.6846 0.12886 8.8921 8.6602 2.5425 401
1.8195 1.6576 7.3393 5.3652 2.7603 3.6846 0.12886 8.8921 8.6602 2.5425 402
1.8467 1.2939 7.3393 5.3652 2.7603 3.6846 0.12886 8.8921 8.6602 2.5425 403
1.7304 1.4885 7.3393 5.3652 2.7603 3.6846 0.12886 8.8921 8.6602 2.5425 404
1.8754 1.6365 7.3393 5.3652 2.7603 3.6846 0.12886 8.8921 8.6602 2.5425 405
1.9175 1.5606 7.3393 5.3652 2.7603 3.6846 0.12886 8.8921 8.6602 2.5425 406
1.6457 1.4516 7.3393 5.3652 2.7603 3.6846 0.12886 8.8921 8.6602 2.5425 407
1.5754 1.5121 7.3393 5.3652 2.7603 3.6846 0.12886 8.8921 8.6602 2.5425 408
1.8508 1.448 7.3393 5.3652 2.7603 3.6846 0.12886 8.8921 8.6602 2.5425 409
1.9471 1.4491 7.3393 5.3652 2.7603 3.6846 0.12886 8.8921 8.6602 2.5425 410
1.9388 1.581 7.3393 5.3652 2.7603 3.6846 0.12886 8.8921 8.6602 2.5425 411
1.812 1.3735 7.3393 5.3652 2.7603 3.6846 0.12886 8.8921 8.6602 2.5425 412
1.6629 1.5525 7.3393 5.3652 2.7603 3.6846 0.12886 8.8921 8.6602 2.5425 413
1.8873 1.6749 7.3393 5.3652 2.7603 3.6846 0.12886 8.8921 8.6602 2.5425 414
1.8106 1.575 7.3393 5.3652 2.7603 3.6846 0.12886 8.8921 8.6602 2.5425 415
1.8813 1.4808 7.3393 5.3652 2.7603 3.6846 0.12886 8.8921 8.6602 2.5425 416
1.7225 1.4691 7.3393 5.3652 2.7603 3.6846 0.12886 8.8921 8.6602 2.5425 417
1.9471 1.4717 7.3393 5.3652 2.7603 3.6846 0.12886 8.8921 8.6602 2.5425 418
1.783 1.4496 7.3393 5.3652 2.7603 3.6846 0.12886 8.8921 8.6602 2.5425 419
1.688 1.5475 7.3393 5.3652 2.7603 3.6846 0.12886 8.8921 8.6602 2.5425 420
1.8832 1.5013 7.3393 5.3652 2.7603 3.6846 0.12886 8.8921 8.6602 2.5425 421
1.8101 1.3802 7.3393 5.3652 2.7603 3.6846 0.12886 8.8921 8.6602 2.5425 422
1.6913 1.6203 7.3393 5.3652 2.7603 3.6846 0.12886 8.8921 8.6602 2.5425 423
1.8853 1.4072 7.3393 5.3652 2.7603 3.6846 0.12886 8.8921 8.6602 2.5425 424
1.7465 1.4725 7.3393 5.3652 2.7603 3.6846 0.12886 8.8921 8.6602 2.5425 425
2.0038 1.4147 7.3393 5.3652 2.7603 3.6846 0.12886 8.8921 8.6602 2.5425 426
1.7787 1.4165 7.3393 5.3652 2.7603 3.6846 0.12886 8.8921 8.6602 2.5425 427
1.9416 1.3815 7.3393 5.3652 2.7603 3.6846 0.12886 8.8921 8.6602 2.5425 428
1.7119 1.2969 7.3393 5.3652 2.7603 3.6846 0.12886 8.8921 8.6602 2.5425 429
1.7688 1.5129 7.3393 5.3652 2.7603 3.6846 0.12886 8.8921 8.6602 2.5425 430
1.869 1.4809 7.3393 5.3652 2.7603 3.6846 0.12886 8.8921 8.6602 2.5425 431
1.9297 1.4541 7.3393 5.3652 2.7603 3.6846 0.12886 8.8921 8.6602 2.5425 432
1.6165 1.4972 7.3393 5.3652 2.7603 3.6846 0.12886 8.8921 8.6602 2.5425 433
1.686 1.603 7.3393 5.3652 2.7603 3.6846 0.12886 8.8921 8.6602 2.5425 434
1.7885 1.4329 7.3393 5.3652 2.7603 3.6846 0.12886 8.8921 8.6602 2.5425 435
1.6704 1.4559 7.3393 5.3652 2.7603 3.6846 0.12886 8.8921 8.6602 2.5425 436
1.7996 1.5605 7.3393 5.3652 2.7603 3.6846 0.12886 8.8921 8.6602 2.5425 437
1.5048 1.3951 7.3393 5.3652 2.7603 3.6846 0.12886 8.8921 8.6602 2.5425 438
1.8275 1.5806 7.3393 5.3652 2.7603 3.6846 0.12886 8.8921 8.6602 2.5425 439
1.6987 1.3053 7.3393 5.3652 2.7603 3.6846 0.12886 8.8921 8.6602 2.5425 440
1.8044 1.5048 7.3393 5.3652 2.7603 3.6846 0.12886 8.8921 8.6602 2.5425 441
1.9087 1.4357 7.3393 5.3652 2.7603 3.6846 0.12886 8.8921 8.6602 2.5425 442
1.6753 1.335 7.3393 5.3652 2.7603 3.6846 0.12886 8.8921 8.6602 2.5425 443
1.812 1.3248 7.3393 5.3652 2.7603 3.6846 0.12886 8.8921 8.6602 2.5425 444
1.6726 1.4517 7.3393 5.3652 2.7603 3.6846 0.12886 8.8921 8.6602 2.5425 445
1.8509 1.4876 7.3393 5.3652 2.7603 3.6846 0.12886 8.8921 8.6602 2.5425 446
1.7925 1.5375 7.3393 5.3652 2.7603 3.6846 0.12886 8.8921 8.6602 2.5425 447
1.7843 1.4037 7.3393 5.3652 2.7603 3.6846 0.12886 8.8921 8.6602 2.5425 448
1.971 1.4163 7.3393 5.3652 2.7603 3.6846 0.12886 8.8921 8.6602 2.5425 449
1.6889 1.5851 7.3393 5.3652 2.7603 3.6846 0.12886 8.8921 8.6602 2.5425 450
5.5841 1.6711 6.0068 3.4016 6.4721 8.8027 5.6805 9.7142 7.972 1.5612 451
5.6412 1.7477 5.8165 3.2758 6.5059 8.5089 5.7181 9.8324 7.7565 1.4455 452
5.7931 1.515 5.8214 3.4541 6.5133 8.5799 5.6772 9.9684 7.949 1.5503 453
5.8553 1.5267 5.9207 3.3134 6.7474 8.6754 5.6988 9.8067 7.9436 1.6604 454
5.7015 1.511 6.0437 3.2992 6.494 8.4753 5.761 9.8266 7.8793 1.4646 455
5.6114 1.6452 5.8076 3.2298 6.5694 8.4212 5.5589 9.8063 7.8653 1.5742 456
5.5783 1.4953 5.9396 3.1873 6.4622 8.7493 5.5723 9.8234 7.727 1.4147 457
5.7925 1.614 5.9203 3.3805 6.5754 8.7482 5.6206 9.9561 8.0274 1.4245 458
5.5753 1.6463 6.0127 3.3486 6.6217 8.5876 5.7859 9.7749 7.7953 1.6697 459
5.7739 1.5148 6.0954 3.3071 6.7729 8.71 5.6899 9.735 7.8543 1.7375 460
5.6372 1.4731 6.1476 3.1498 6.5572 8.7303 5.7082 9.7437 8.0239 1.6281 461
5.6917 1.6137 5.7656 3.4213 6.5445 8.5058 5.5968 9.8584 7.8213 1.661 462
5.7519 1.6108 5.9241 3.2487 6.5389 8.7131 5.6661 9.9196 7.8458 1.5191 463
5.6078 1.6916 5.8414 3.3191 6.5093 8.7022 5.8472 9.865 8.0241 1.7618 464
5.5446 1.6805 5.745 3.2696 6.3498 8.5749 5.5363 9.936 8.0685 1.4929 465
5.6292 1.4665 5.9833 3.3782 6.4022 8.5802 5.6593 9.7892 7.8798 1.5246 466
5.3509 1.6399 5.9409 3.3061 6.5867 8.5912 5.6557 9.8055 8.0642 1.276 467
5.5768 1.7282 5.8773 3.3298 6.7962 8.5626 5.7211 9.704 7.756 1.4587 468
5.6591 1.7024 6.0218 3.4489 6.5012 8.5917 5.4653 10.0194 7.9533 1.5765 469
5.78 1.7268 5.9335 3.2857 6.4568 8.6459 5.678 9.8609 7.7975 1.4698 470
5.7314 1.4961 5.9055 3.2096 6.4798 8.6294 5.8848 9.8635 7.954 1.2876 471
5.8662 1.6453 5.8025 3.2628 6.4912 8.6156 5.5752 9.7925 7.973 1.5494 472
5.7229 1.3981 5.928 3.3111 6.5563 8.7639 5.6978 9.6083 7.8545 1.5936 473
5.6027 1.7039 6.0391 3.3281 6.4844 8.6172 5.8203 9.9095 7.9573 1.5643 474
5.8081 1.5275 5.8746 3.1885 6.5273 8.5055 5.6934 9.7313 7.86 1.4499 475
5.6483 1.5401 6.055 3.2907 6.597 8.4925 5.8135 9.6074 7.9833 1.6354 476
5.6728 1.749 5.8769 3.1914 6.5055 8.5762 5.6682 9.6396 7.9464 1.3398 477
5.8026 1.7362 5.7383 3.3128 6.6733 8.5005 5.6446 9.8918 7.9955 1.5116 478
5.7635 1.5946 5.9823 3.2409 6.6696 8.4475 5.651 9.6923 7.9479 1.4176 479
5.6586 1.6677 6.0133 3.3919 6.5639 8.5359 5.7185 9.8819 7.8694 1.6047 480
5.8427 1.6518 6.0457 3.3399 6.7 8.858 5.5689 9.7425 7.7714 1.6104 481
5.6912 1.569 5.8447 3.3551 6.8433 8.6871 5.8146 9.7856 7.8707 1.5984 482
5.6994 1.567 5.8085 3.4252 6.6033 8.6117 5.5577 9.8178 7.9628 1.5671 483
5.7204 1.6223 6.0166 3.2555 6.591 8.5198 5.5169 9.5909 7.9045 1.5005 484
5.5235 1.503 5.8709 3.2221 6.5535 8.6848 5.5821 9.7401 7.9015 1.7009 485
5.7098 1.7306 5.9865 3.343 6.4873 8.5911 5.8689 9.7918 7.8919 1.533 486
5.7076 1.4678 5.9174 3.0746 6.2727 8.7174 5.7182 9.5947 8.1178 1.5306 487
5.654 1.6856 6.0498 3.3089 6.5718 8.543 5.7838 9.834 7.9705 1.4744 488
5.6929 1.6266 5.9487 3.3989 6.7121 8.4793 5.7265 9.7205 7.8438 1.5013 489
5.7844 1.5879 5.9754 3.2597 6.5396 8.6067 5.6728 9.5942 8.0514 1.5397 490
5.7322 1.4869 5.9373 3.1764 6.6155 8.7777 5.6542 9.8445 8.1303 1.5155 491
5.5266 1.5779 6.0672 3.3493 6.6534 8.6535 5.5685 9.7162 7.9168 1.499 492
5.6167 1.4325 5.8872 3.117 6.6696 8.5738 5.7431 9.8247 8.0801 1.4192 493
5.571 1.4129 5.8805 3.3875 6.561 8.5771 5.538 9.7831 8.0078 1.4692 494
5.553 1.5098 5.8927 3.3181 6.5942 8.5524 5.6809 9.6996 8.0921 1.8554 495
5.7361 1.535 6.0642 3.2145 6.4767 8.7428 5.7577 9.7196 8.0339 1.5289 496
5.6072 1.5077 5.9127 3.2213 6.5478 8.7772 5.6027 9.8828 7.9411 1.5454 497
5.8295 1.4819 5.9013 3.2931 6.523 8.4598 5.6244 10.0541 7.7777 1.4592 498
5.8656 1.5063 5.6731 3.2317 6.5287 8.7564 5.7627 9.7517 7.8888 1.5576 499
5.6961 1.6632 6.002 3.4419 6.5944 8.6887 5.6203 9.8504 7.869 1.5133 500
5.869 1.6757 5.9345 3.3565 6.4183 8.6731 5.5075 9.7399 7.8836 1.4161 501
5.693 1.6528 5.9774 3.1856 6.5584 8.4723 5.7672 9.6882 8.0633 1.4625 502
5.8522 1.5111 5.8883 3.2966 6.5291 8.7725 5.5863 9.6566 7.8786 1.5821 503
5.7807 1.5171 5.7183 3.2536 6.5087 8.4324 5.511 9.7824 7.8549 1.5201 504
5.6321 1.7783 6.0744 3.4436 6.6422 8.6789 5.7322 9.9272 7.9503 1.6692 505
5.839 1.6834 6.0229 3.4544 6.5534 8.5743 5.801 9.6713 7.7204 1.479 506
5.6889 1.5858 5.8884 3.2565 6.5707 8.5554 5.8112 9.9113 7.7563 1.6472 507
5.6184 1.6769 5.8248 3.3905 6.455 8.533 5.7559 9.7167 8.0153 1.5126 508
5.6016 1.7041 5.886 3.3833 6.5142 8.6402 5.8608 9.9253 7.9579 1.6154 509
5.7468 1.6628 5.904 3.2775 6.457 8.7472 5.6248 9.8654 8.0951 1.3672 510
5.5977 1.773 5.8589 3.3664 6.5879 8.7007 5.7014 9.8114 7.9468 1.6525 511
5.4333 1.6051 6.0445 3.2444 6.5403 8.7057 5.5932 9.79 7.8491 1.4139 512
5.6896 1.809 6.1555 3.3195 6.6777 8.7743 5.6986 10.0116 7.9379 1.3526 513
5.7356 1.5145 5.9848 3.1119 6.746 8.8424 5.7858 9.9719 7.8404 1.5767 514
5.7187 1.654 5.9564 3.2817 6.5178 8.5894 5.7637 9.8736 7.9363 1.4434 515
5.7773 1.62 5.9715 3.3632 6.7173 8.7827 5.6649 9.9036 7.9068 1.5301 516
5.6078 1.6751 6.0326 3.4319 6.7108 8.5959 5.5474 9.8305 7.975 1.6542 517
5.7267 1.5959 5.753 3.2247 6.6093 8.6022 5.8938 9.8423 7.845 1.4638 518
5.8729 1.5901 5.8698 3.1637 6.6466 8.561 5.6456 9.9186 8.0365 1.7321 519
5.714 1.4497 6.1087 3.3576 6.4404 8.7069 5.8059 9.7483 7.8802 1.5369 520
5.6642 1.6564 5.8497 3.3009 6.5855 8.6192 5.7955 9.7813 7.8109 1.3915 521
5.778 1.6869 5.9128 3.2155 6.5866 8.6185 5.7066 9.8152 7.9013 1.7278 522
5.7072 1.4111 6.0158 3.2713 6.5087 8.6181 5.7613 9.7949 7.768 1.5476 523
5.7609 1.5068 5.8674 3.5096 6.5508 8.6541 5.6932 10.0078 7.9802 1.3909 524
5.7455 1.5153 6.0713 3.5124 6.6262 8.6138 5.7064 9.8043 7.8593 1.4337 525
5.8658 1.4477 5.9873 3.2603 6.4946 8.5807 5.5201 9.979 8.0534 1.4789 526
5.8057 1.4596 5.9808 3.0906 6.5948 8.5562 5.8459 9.6918 7.9662 1.2079 527
5.6133 1.6283 5.8687 3.3407 6.4922 8.8012 5.5781 9.6592 7.9718 1.419 528
5.454 1.6066 5.8644 3.1288 6.666 8.6129 5.8234 9.6365 7.8554 1.5878 529
5.6527 1.6172 5.8164 3.2069 6.7674 8.64 5.5143 9.8467 7.8081 1.5208 530
5.5907 1.6075 5.8269 3.2064 6.5009 8.5621 5.7362 9.8544 7.9977 1.7523 531
5.5758 1.6393 6.0517 3.3858 6.6243 8.6064 5.6515 9.8535 7.8077 1.5809 532
5.7822 1.5832 5.9885 3.4034 6.7068 8.4725 5.5676 9.7741 7.9331 1.6335 533
5.7464 1.5308 5.9307 3.3921 6.6243 8.6316 5.5974 9.8339 7.9683 1.5288 534
5.6666 1.5419 5.9897 3.3084 6.5835 8.5625 5.6344 9.8632 8.0913 1.6309 535
5.7933 1.6136 5.9814 3.2673 6.6928 8.5597 5.5607 9.9006 8.0201 1.5223 536
5.5876 1.8612 6.097 3.3635 6.656 8.819 5.6369 9.7744 8.0462 1.3867 537
5.8402 1.4855 5.9846 3.2361 6.576 8.6062 5.6907 9.8376 8.0419 1.5235 538
5.7453 1.483 5.9916 3.3195 6.6449 8.6298 5.6773 9.9445 7.9763 1.4912 539
5.5982 1.7522 5.7479 3.1231 6.5889 8.6143 5.7212 9.9681 7.8227 1.5644 540
5.7206 1.6111 5.8195 3.1851 6.6024 8.6179 5.6508 9.8927 8.0122 1.4833 541
5.7823 1.4678 5.8522 3.2268 6.6031 8.4176 5.8387 9.8823 7.8545 1.6196 542
5.6856 1.5039 6.0117 3.1528 6.6591 8.5163 5.8293 9.9048 7.881 1.5238 543
5.9533 1.6001 5.997 3.0341 6.6814 8.4799 5.5757 9.6846 7.8461 1.4625 544
5.6218 1.6588 6.0409 3.3783 6.5351 8.5597 5.6673 9.7829 7.8353 1.6778 545
5.5475 1.5015 6.0337 3.1911 6.7359 8.7467 5.6183 9.9834 7.9951 1.5531 546
5.6236 1.7766 5.8707 3.1457 6.5239 8.6609 5.7536 9.8126 7.9298 1.2694 547
5.719 1.4484 6.132 3.3183 6.578 8.6315 5.5582 9.8535 7.8722 1.7434 548
5.5247 1.6043 5.8802 3.2762 6.6603 8.7377 5.8969 9.7518 7.8584 1.5158 549
5.6394 1.7587 5.9878 3.2471 6.503 8.7124 5.6475 9.9079 7.7067 1.4626 550
5.6866 1.668 5.8697 3.3303 6.663 8.5614 5.7293 9.7675 7.7543 1.5277 551
5.685 1.5453 5.8967 3.4154 6.6629 8.565 5.6855 9.8228 7.9391 1.4676 552
5.6337 1.5919 5.8865 3.1907 6.5885 8.6375 5.6698 9.9388 8.0523 1.5397 553
5.6364 1.6231 6.0814 3.4782 6.5439 8.7384 5.6823 9.7271 7.751 1.5445 554
5.8893 1.712 6.092 3.0723 6.6019 8.7044 5.5575 9.9148 7.8451 1.5847 555
5.7044 1.4518 5.9799 3.4575 6.546 8.799 5.7056 9.7557 7.9057 1.4667 556
5.7488 1.7483 6.0717 3.1895 6.6094 8.834 5.7604 9.8452 7.9067 1.5127 557
5.3808 1.6656 5.9405 3.3047 6.6812 8.4169 5.8403 9.8441 7.7814 1.4117 558
5.7099 1.6661 6.0764 3.4098 6.7641 8.5696 5.5815 9.7553 7.8814 1.5235 559
5.5934 1.4811 5.8859 3.4504 6.5971 8.6595 5.6735 9.7957 7.8128 1.7433 560
5.7111 1.5482 6.0445 3.2278 6.487 8.7102 5.5494 9.8808 7.9162 1.6228 561
5.7806 1.7003 6.0105 3.3197 6.4419 8.7063 5.6344 9.8534 7.8889 1.5231 562
5.7238 1.4815 5.9257 3.2882 6.458 8.6537 5.4678 9.9357 7.9235 1.3997 563
5.8027 1.6232 6.0321 3.264 6.6374 8.5019 5.624 9.9322 7.9136 1.8607 564
5.6582 1.4346 6.0438 3.4362 6.5161 8.6655 5.7522 9.6987 8.0428 1.5342 565
5.8638 1.6191 5.8626 3.3677 6.6006 8.649 5.7776 9.9121 8.1197 1.5684 566
5.8234 1.4314 5.7735 3.3591 6.7463 8.7043 5.7693 9.74 7.844 1.5437 567
5.5415 1.5029 6.0457 3.2993 6.4926 8.5242 5.9087 9.6561 7.7332 1.4329 568
5.9147 1.655 6.0711 3.1559 6.6211 8.5907 5.7478 9.7683 7.9092 1.4772 569
5.7061 1.5303 6.0814 3.3549 6.6696 8.6526 5.6596 9.7622 7.9265 1.4662 570
5.6671 1.4973 6.0757 3.1901 6.5575 8.5729 5.6155 9.6518 8.044 1.559 571
5.7081 1.5726 5.8819 3.317 6.5971 8.5853 5.7498 9.8397 7.8428 1.4951 572
5.6513 1.7449 5.8789 3.159 6.5223 8.5382 5.6412 9.6501 7.8648 1.3729 573
5.7496 1.6453 5.9027 3.2519 6.6473 8.729 5.6803 9.7154 7.8132 1.5543 574
5.7994 1.4838 5.9972 3.0405 6.61 8.5749 5.7084 9.8524 7.8285 1.6855 575
5.7383 1.446 5.7588 3.2943 6.5852 8.663 5.6526 9.8958 7.8299 1.4509 576
5.6679 1.4282 5.7587 3.3008 6.5035 8.7533 5.7189 9.7102 7.8791 1.5129 577
5.6451 1.7106 5.9577 3.4212 6.522 8.6334 5.8281 9.9521 8.0644 1.4949 578
5.6338 1.5911 5.9826 3.4921 6.4307 8.6896 5.5618 9.6683 7.7436 1.7855 579
5.5641 1.562 6.1897 3.4096 6.5026 8.5576 5.6225 9.8104 7.8413 1.5003 580
5.6993 1.5456 5.8621 3.2245 6.5196 8.7 5.6467 9.9524 7.9492 1.471 581
5.4804 1.6127 5.9874 3.2609 6.4857 8.5057 5.6867 9.7542 7.8543 1.4748 582
5.4833 1.7416 5.9835 3.3173 6.6275 8.7086 5.5451 9.8294 7.8958 1.658 583
5.6709 1.7504 5.7503 3.3731 6.6927 8.6695 5.6756 9.8067 7.9189 1.3802 584
5.6071 1.7524 6.0296 3.2015 6.7186 8.6344 5.59 9.8595 7.9146 1.684 585
5.8229 1.417 5.899 3.2327 6.7813 8.736 5.6747 9.6624 8.1439 1.3382 586
5.7651 1.4362 5.9279 3.2533 6.5235 8.8307 5.6045 9.7545 7.8642 1.4803 587
5.9535 1.6828 5.7883 3.4908 6.676 8.7188 5.7348 9.7105 7.874 1.5231 588
5.5751 1.5551 5.7355 3.3434 6.667 8.6996 5.721 9.9065 7.7683 1.4711 589
5.525 1.6973 6.0059 3.3295 6.552 8.44 5.5659 9.6754 7.7878 1.5661 590
5.7963 1.646 5.9197 3.4798 6.6974 8.6204 5.5922 9.8173 7.8986 1.4295 591
5.7732 1.5645 6.0843 3.3949 6.3906 8.6802 5.588 9.786 7.9434 1.6245 592
5.6333 1.7449 6.0809 3.3127 6.5235 8.6306 5.5225 9.8033 8.1408 1.5754 593
5.7744 1.5457 5.9809 3.244 6.5758 8.6665 5.5062 9.7734 7.8155 1.5537 594
5.5271 1.415 6.079 3.4271 6.6192 8.7537 5.5916 9.6653 7.8441 1.4808 595
5.7198 1.5813 6.0307 3.1665 6.6074 8.4774 5.5577 9.8554 7.821 1.564 596
5.7234 1.6671 5.7238 3.3192 6.525 8.5869 5.6692 9.6981 7.8813 1.5889 597
5.7714 1.5906 5.7135 3.253 6.4363 8.6487 5.5202 9.8031 7.9777 1.2912 598
5.8515 1.634 5.7732 3.2929 6.5671 8.5956 5.5753 9.9214 7.8855 1.5199 599
5.7545 1.6045 5.9921 3.2418 6.7604 8.7844 5.6369 9.7718 7.9241 1.5496 600
8.1761 1.952 6.3899 6.69 7.7209 3.7982 4.4159 4.8306 6.0811 1.76 601
8.2551 1.9162 6.3899 6.69 7.7209 3.7982 4.4159 4.8306 6.0811 1.76 602
8.2827 1.93 6.3899 6.69 7.7209 3.7982 4.4159 4.8306 6.0811 1.76 603
8.3835 1.9794 6.3899 6.69 7.7209 3.7982 4.4159 4.8306 6.0811 1.76 604
8.191 2.0171 6.3899 6.69 7.7209 3.7982 4.4159 4.8306 6.0811 1.76 605
8.6635 1.9337 6.3899 6.69 7.7209 3.7982 4.4159 4.8306 6.0811 1.76 606
8.2964 1.9112 6.3899 6.69 7.7209 3.7982 4.4159 4.8306 6.0811 1.76 607
8.2914 2.1114 6.3899 6.69 7.7209 3.7982 4.4159 4.8306 6.0811 1.76 608
8.6446 1.8379 6.3899 6.69 7.7209 3.7982 4.4159 4.8306 6.0811 1.76 609
8.4867 1.9935 6.3899 6.69 7.7209 3.7982 4.4159 4.8306 6.0811 1.76 610
8.2222 1.9838 6.3899 6.69 7.7209 3.7982 4.4159 4.8306 6.0811 1.76 611
8.3098 1.9283 6.3899 6.69 7.7209 3.7982 4.4159 4.8306 6.0811 1.76 612
8.2266 1.9557 6.3899 6.69 7.7209 3.7982 4.4159 4.8306 6.0811 1.76 613
8.3003 1.8531 6.3899 6.69 7.7209 3.7982 4.4159 4.8306 6.0811 1.76 614
8.2829 1.969 6.3899 6.69 7.7209 3.7982 4.4159 4.8306 6.0811 1.76 615
8.3682 1.7483 6.3899 6.69 7.7209 3.7982 4.4159 4.8306 6.0811 1.76 616
8.2133 1.8982 6.3899 6.69 7.7209 3.7982 4.4159 4.8306 6.0811 1.76 617
8.3727 1.5883 6.3899 6.69 7.7209 3.7982 4.4159 4.8306 6.0811 1.76 618
8.4436 1.7426 6.3899 6.69 7.7209 3.7982 4.4159 4.8306 6.0811 1.76 619
8.4259 1.8858 6.3899 6.69 7.7209 3.7982 4.4159 4.8306 6.0811 1.76 620
8.2655 1.8153 6.3899 6.69 7.7209 3.7982 4.4159 4.8306 6.0811 1.76 621
8.1068 2.0471 6.3899 6.69 7.7209 3.7982 4.4159 4.8306 6.0811 1.76 622
8.318 1.7588 6.3899 6.69 7.7209 3.7982 4.4159 4.8306 6.0811 1.76 623
8.4275 1.9373 6.3899 6.69 7.7209 3.7982 4.4159 4.8306 6.0811 1.76 624
8.2706 1.9352 6.3899 6.69 7.7209 3.7982 4.4159 4.8306 6.0811 1.76 625
8.187 2.0289 6.3899 6.69 7.7209 3.7982 4.4159 4.8306 6.0811 1.76 626
8.5629 1.872 6.3899 6.69 7.7209 3.7982 4.4159 4.8306 6.0811 1.76 627
8.3512 1.8442 6.3899 6.69 7.7209 3.7982 4.4159 4.8306 6.0811 1.76 628
8.4448 1.9388 6.3899 6.69 7.7209 3.7982 4.4159 4.8306 6.0811 1.76 629
8.3815 1.9748 6.3899 6.69 7.7209 3.7982 4.4159 4.8306 6.0811 1.76 630
8.1427 1.9835 6.3899 6.69 7.7209 3.7982 4.4159 4.8306 6.0811 1.76 631
8.5178 1.8067 6.3899 6.69 7.7209 3.7982 4.4159 4.8306 6.0811 1.76 632
8.5181 1.8272 6.3899 6.69 7.7209 3.7982 4.4159 4.8306 6.0811 1.76 633
8.3745 1.8143 6.3899 6.69 7.7209 3.7982 4.4159 4.8306 6.0811 1.76 634
8.5828 1.9421 6.3899 6.69 7.7209 3.7982 4.4159 4.8306 6.0811 1.76 635
8.3389 1.8178 6.3899 6.69 7.7209 3.7982 4.4159 4.8306 6.0811 1.76 636
8.4084 1.784 6.3899 6.69 7.7209 3.7982 4.4159 4.8306 6.0811 1.76 637
8.3093 1.7499 6.3899 6.69 7.7209 3.7982 4.4159 4.8306 6.0811 1.76 638
8.3751 1.8568 6.3899 6.69 7.7209 3.7982 4.4159 4.8306 6.0811 1.76 639
8.5158 2.0191 6.3899 6.69 7.7209 3.7982 4.4159 4.8306 6.0811 1.76 640
8.3531 1.9371 6.3899 6.69 7.7209 3.7982 4.4159 4.8306 6.0811 1.76 641
8.2802 1.9463 6.3899 6.69 7.7209 3.7982 4.4159 4.8306 6.0811 1.76 642
8.4064 1.9476 6.3899 6.69 7.7209 3.7982 4.4159 4.8306 6.0811 1.76 643
8.3395 1.9437 6.3899 6.69 7.7209 3.7982 4.4159 4.8306 6.0811 1.76 644
8.3254 1.996 6.3899 6.69 7.7209 3.7982 4.4159 4.8306 6.0811 1.76 645
8.4476 1.8952 6.3899 6.69 7.7209 3.7982 4.4159 4.8306 6.0811 1.76 646
8.4832 1.8618 6.3899 6.69 7.7209 3.7982 4.4159 4.8306 6.0811 1.76 647
8.353 1.886 6.3899 6.69 7.7209 3.7982 4.4159 4.8306 6.0811 1.76 648
8.3757 1.9668 6.3899 6.69 7.7209 3.7982 4.4159 4.8306 6.0811 1.76 649
8.4737 2.0301 6.3899 6.69 7.7209 3.7982 4.4159 4.8306 6.0811 1.76 650
-1.2514 7.3861 3.9866 2.4418 3.1478 0.9861 1.8967 6.5518 1.2735 8.4609 651
-0.6121 9.0453 5.3682 3.6853 0.28824 0.86933 2.9508 3.3176 2.6515 10.2743 652
-1.2869 7.8273 5.3291 1.8346 1.2895 2.8 5.3619 3.3565 -0.38934 7.3443 653
0.039565 7.3617 4.1704 1.3557 0.22369 1.3192 6.6282 3.7988 -1.0799 8.7241 654
0.23973 7.8867 6.1545 2.3473 -0.74838 0.098228 3.7422 3.2451 0.29051 9.4324 655
0.92097 7.893 5.3209 1.994 0.48602 0.66804 4.2986 4.2246 1.3565 9.3971 656
1.0936 7.6352 5.0037 -1.3058 1.9369 0.50389 3.4878 3.4874 -1.7098 10.0712 657
-1.3122 4.8424 6.683 2.8004 0.53279 3.4673 3.2757 4.6425 1.4679 10.6066 658
-0.99048 8.2775 6.9462 1.1658 -1.3207 3.2526 4.1173 3.2807 0.89596 8.0088 659
-0.099464 8.6875 4.3646 3.0512 -2.0551 0.89878 1.1534 5.0819 1.4277 8.3817 660
-0.32043 7.8423 3.7599 2.7482 1.2071 3.2799 3.4654 3.5224 1.1543 7.9989 661
-0.06363 8.1602 5.6462 1.3347 3.1582 0.54975 5.7291 3.7166 0.076343 11.3351 662
0.53801 8.7975 3.7306 1.0325 0.72474 3.0253 3.359 4.6407 -0.70041 10.3832 663
-0.14135 7.8318 2.8189 -0.065138 1.3281 2.7588 5.7731 4.6719 1.0543 9.7897 664
1.1266 8.2545 3.3743 1.9396 1.1331 1.5574 2.2802 4.248 -0.31556 9.5673 665
-0.5542 10.0484 3.9997 4.0254 1.5356 -1.371 4.1978 4.3613 -1.696 9.0766 666
0.89937 7.4339 4.5594 1.3129 2.3457 1.9967 3.0184 2.5735 0.30168 8.4156 667
1.4607 9.7149 4.0687 1.2706 -1.4344 2.3961 4.4062 4.9293 0.15446 9.3809 668
-1.077 6.0679 5.5341 3.1597 -0.56709 1.733 4.4241 3.5369 0.22981 10.1796 669
1.3132 8.333 3.4973 1.4426 1.6969 1.1105 3.5957 2.6213 0.11982 9.9405 670
0.97549 7.7729 4.5874 2.3152 0.064761 1.9599 3.5425 2.5614 1.24 9.7394 671
-0.66696 8.6409 6.0157 4.7376 1.2104 1.3221 4.4912 5.4214 0.81056 9.6316 672
0.002365 7.7708 4.0705 2.2191 0.76911 0.6969 3.9825 3.0495 0.52897 10.1696 673
0.59022 7.9427 5.4801 1.1126 1.4775 0.86873 3.5083 4.1093 0.57683 10.2862 674
-1.1352 7.8912 4.5226 2.6971 0.18877 1.2048 3.2257 3.9194 0.46975 9.7499 675
1.5953 6.6987 6.5073 1.9828 0.27364 1.7102 5.5009 4.3687 -0.46188 9.2963 676
-0.20944 6.7542 5.7941 2.9998 0.89036 1.7776 2.636 3.9064 0.081418 8.3377 677
0.15267 8.1569 5.5318 2.7971 1.5916 -0.016314 5.8585 4.1596 -1.1721 8.1727 678
0.62078 7.5592 4.6948 2.7294 0.083149 1.7034 4.0492 3.484 0.76909 7.7485 679
0.25428 5.6462 7.5148 1.9031 1.6099 0.30505 3.1389 5.0252 0.53214 9.7008 680
0.053067 5.4289 4.8263 2.8155 3.5656 1.4861 3.5851 6.2805 0.71722 8.7377 681
0.58684 8.6748 5.2861 0.74043 0.70128 1.5476 4.5719 3.6437 0.20182 10.4369 682
-0.086794 7.7658 5.1422 4.0137 2.182 2.5538 3.8776 3.7332 -0.74529 9.5446 683
0.055672 8.299 3.3704 2.918 2.3677 2.2894 3.527 4.7877 1.0436 9.1435 684
-1.2946 7.5143 4.5455 3.4193 0.69502 2.0341 5.0227 4.9491 0.28193 9.5516 685
-0.34251 7.4024 6.1308 2.2484 1.9833 3.286 5.1521 2.2572 0.47832 9.9211 686
-1.0702 8.1205 5.0311 3.0292 1.4838 2.1379 3.8285 4.3262 -0.64373 9.491 687
1.2594 8.9699 5.3321 2.9965 1.5058 1.6101 3.2127 5.9971 -0.35969 10.2854 688
-0.072201 6.7641 6.5094 1.7687 1.449 0.29309 4.4883 4.7284 1.6155 9.1137 689
0.77166 5.2382 4.2575 0.098755 0.93458 0.256 3.7389 2.9718 -1.5166 10.7407 690
-0.55832 9.1563 4.8903 2.6551 1.1643 1.2897 3.7007 5.4198 0.44011 9.395 691
0.66494 6.7091 7.0053 1.7034 2.2516 0.92027 4.3439 4.1327 1.0221 9.5205 692
-1.3749 7.7335 6.3134 3.877 0.41359 1.5427 5.4051 4.4533 0.92734 9.8595 693
-0.78386 8.0631 5.6459 2.3101 0.85321 1.0471 4.7052 3.4537 0.27438 10.1152 694
0.86532 4.9021 5.6863 0.17211 1.6017 2.1466 1.787 3.7529 0.21079 9.4767 695
1.7674 7.6641 4.8169 4.001 1.2575 1.7834 3.2652 4.9125 0.74563 8.8471 696
0.54718 9.1255 3.9537 0.96622 3.0081 1.8014 2.9287 6.1217 2.1296 8.3797 697
-0.05468 8.8096 5.6551 3.3176 1.1418 1.449 3.5069 5.4593 -1.4687 10.8513 698
-0.99056 7.0241 5.7418 3.1013 1.5106 2.4304 3.7216 3.7062 1.0366 10.5008 699
0.9859 6.5511 4.5766 1.7144 2.0975 0.31543 4.0871 4.1035 -0.76546 9.3294 700
-2.0609 7.2899 5.7834 3.1646 1.2302 0.73607 6.7107 4.2654 -0.3144 10.0499 701
1.2565 6.7059 4.6083 3.1691 0.83876 3.8564 5.2046 3.6691 1.6874 9.9923 702
-1.4246 9.5288 4.5069 2.5349 0.10951 1.0746 3.8687 3.481 -0.22807 6.4048 703
1.1224 7.7732 4.2483 4.0266 1.0568 1.1959 3.8876 4.02 -1.2959 8.0896 704
0.18491 7.9647 4.1543 1.3769 0.45089 0.97276 3.3891 5.684 0.057417 7.4579 705
0.2959 8.0604 6.9212 1.5751 2.2488 1.9081 3.5009 5.9426 -0.9305 8.9303 706
0.59667 7.2463 5.1607 1.6133 1.2716 2.2218 5.9561 5.1692 0.65377 9.0309 707
-0.97145 7.7927 4.7038 2.2939 -0.31027 1.2501 4.9357 3.8091 1.3902 10.4148 708
-0.13982 8.1577 3.3535 2.491 -0.23636 1.8976 3.7041 4.8245 0.020793 11.7226 709
0.087318 6.413 3.3449 3.9937 2.0756 0.83378 5.9012 5.7851 -1.4898 9.7217 710
2.1399 8.6074 5.4457 3.5278 0.73468 0.32904 4.6038 3.7063 2.332 9.0735 711
0.80521 7.4044 5.1547 2.211 0.56541 2.4643 6.3642 4.3583 0.86723 9.3363 712
-0.56851 5.7077 4.3202 2.0579 2.8232 1.5836 4.198 4.2641 -0.58426 8.7208 713
-0.30398 8.8077 4.4632 2.3672 1.9623 3.5543 1.9585 3.8381 0.32498 7.9788 714
-0.75063 8.2626 5.92 1.3339 1.607 2.4638 3.554 3.1889 0.32801 9.5359 715
-0.97454 8.373 4.2342 1.8586 -0.76054 1.478 4.0551 5.1865 1.3726 9.9728 716
0.80255 8.6619 4.8314 1.93 0.61865 0.84253 3.6264 3.5074 0.17146 8.4366 717
0.42028 9.8071 6.2572 0.088657 0.091341 1.6658 4.3929 3.6385 1.7059 9.7061 718
0.77734 8.3506 5.5876 2.2782 3.0713 1.5295 5.2846 4.724 1.3851 10.4897 719
1.0439 8.4122 4.75 2.4547 1.5545 2.0958 3.0967 3.9613 -0.016577 9.2059 720
0.5967 7.8103 4.6568 0.94405 0.86852 2.2093 4.6391 4.8164 -0.20976 10.4506 721
0.56972 8.728 6.476 2.0375 0.28575 1.7663 2.7428 5.6219 0.31205 8.7061 722
0.91737 6.5524 4.5521 1.685 2.1304 0.59281 2.1611 4.7344 0.84541 10.0846 723
-0.85356 6.861 5.3741 2.819 2.4712 1.2348 4.2332 2.1282 -0.072849 9.9869 724
-0.80552 6.4396 4.9619 3.4905 -0.32694 2.4757 3.3075 4.5835 0.53965 7.8666 725
-1.2428 7.4486 3.6315 0.48536 1.6056 2.3926 2.4171 1.471 1.0263 9.1251 726
-0.75542 7.9159 5.2451 2.2173 1.7038 1.2783 4.1332 4.5329 0.0081695 8.8399 727
-1.0352 8.9083 5.0217 3.2034 0.094053 0.72757 3.0017 6.2041 2.1159 9.8735 728
-0.030053 7.1428 6.7259 2.32 -0.031783 -0.73754 4.2425 2.7959 0.11786 8.4893 729
-1.4524 5.6142 6.3574 0.39584 1.9332 2.2463 6.4313 3.4646 0.67244 9.141 730
0.94499 7.0946 3.9808 2.1124 1.3125 3.3692 5.6358 3.9021 2.1801 9.1336 731
0.49613 7.9177 5.216 3.7485 0.94207 1.7398 3.7569 2.8196 1.1521 11.0309 732
2.314 8.1177 5.3609 2.8715 1.5697 2.1065 4.2089 6.0359 1.4495 9.599 733
-1.4058 8.4634 6.3123 1.6469 2.0806 1.5786 5.9238 4.5428 0.78699 10.111 734
1.8185 6.8823 6.5417 2.222 0.97288 0.91868 2.5034 5.4813 0.34738 10.2553 735
-1.4137 7.4259 6.2234 -0.089202 -0.038574 2.8754 5.3805 5.5451 -0.49 9.5323 736
0.40023 6.7147 5.0018 2.0076 2.3229 0.5209 3.3705 4.1834 0.27772 9.5644 737
0.5745 8.3506 4.6685 1.1832 1.5492 0.89753 3.256 2.6403 2.561 8.4791 738
0.59311 7.5681 7.0838 2.4526 1.2236 3.1976 4.6238 5.0699 1.4521 10.1718 739
-0.7894 8.9007 6.5192 4.5816 -1.3163 1.4542 4.5428 5.5695 2.0199 8.6622 740
-0.006532 9.3613 4.9962 0.2829 -0.17485 0.54267 5.2543 3.8055 0.26023 9.4605 741
0.57109 8.1519 3.3867 3.8919 -0.14346 0.74842 4.2798 2.7209 1.1264 8.9577 742
-0.96117 9.1179 5.9609 3.4021 2.0821 2.0688 4.7086 4.1875 -0.56674 9.5022 743
-0.7829 8.4008 4.7889 5.0624 1.8621 1.145 5.0188 2.9247 0.83563 7.9708 744
-0.8853 6.4467 6.6598 0.99726 2.7392 3.0831 4.6996 5.7599 -0.43884 8.0415 745
0.7341 10.719 4.3382 1.7685 2.4852 -0.36771 4.4221 3.0626 0.62289 8.7386 746
1.0691 8.7339 5.3004 1.476 0.33386 0.88484 3.3624 3.2614 0.83543 9.2022 747
0.94391 8.8894 5.4213 2.2446 1.4488 3.2746 4.2496 4.692 -0.87451 10.3319 748
2.1281 7.1045 5.333 1.4047 -0.009834 1.2291 4.3089 4.7642 1.216 9.983 749
-1.1476 7.6791 4.972 3.0108 -0.17749 -0.86704 5.9976 2.945 -0.77331 10.1816 750
0.69379 9.1356 5.798 2.9021 2.2383 1.6961 3.4823 4.7466 -0.3681 9.7072 751
-0.43006 9.4924 5.0857 2.589 0.27785 2.6547 4.399 3.7842 1.6288 9.4263 752
-0.11547 7.6438 4.9837 2.4788 1.411 2.7928 3.4916 4.1674 -0.27876 10.8164 753
0.96809 8.4651 4.6913 4.099 0.60039 1.1788 5.6907 3.82 -0.3625 11.5147 754
-0.099703 7.2191 5.1508 5.4557 2.1147 2.6081 5.7751 4.0716 -1.0795 10.5577 755
1.0964 7.807 4.8266 2.2835 -0.18505 -0.37251 4.5572 1.8118 1.5227 8.4234 756
0.73997 7.725 5.3207 2.2089 0.49551 1.6909 3.829 3.5746 -0.72045 9.0282 757
-1.6368 8.4967 4.6137 0.98549 1.9117 1.9043 3.3591 4.8922 -0.053186 8.3633 758
-0.1546 8.7835 4.803 3.056 1.1449 1.3822 4.7974 4.2796 0.43567 10.0651 759
0.28464 6.8864 5.7589 2.2676 1.7052 1.7639 4.1773 3.6517 1.638 9.936 760
-0.79402 6.4946 4.8184 0.82768 0.94471 1.9725 4.0133 4.7937 0.35805 9.0567 761
0.84802 5.5313 5.5114 2.0616 1.899 1.8564 4.6298 4.482 -0.58381 8.6159 762
0.31792 8.338 5.2349 3.1785 -0.42856 2.5394 4.3413 3.2217 1.5387 8.7977 763
0.84944 8.1575 6.164 2.39 1.6447 1.6714 4.1357 3.0153 1.6008 9.9541 764
-1.3344 6.9256 5.1706 1.3801 1.2192 1.3324 5.5149 7.2766 0.29026 8.6464 765
0.68707 10.1375 6.7606 3.2341 2.0908 1.2781 3.8399 4.4881 0.046672 11.8752 766
-1.063 6.6834 5.7097 1.2672 1.8778 1.1984 3.8219 3.712 0.171 9.8113 767
-0.55843 11.4885 5.5847 2.0238 -0.16758 2.2326 3.7171 3.8476 0.8582 7.9357 768
-1.5415 8.031 4.249 3.9703 0.41672 1.0373 4.3915 3.7618 1.3687 8.7285 769
0.0056146 8.6657 4.3674 0.78659 1.0927 2.2478 3.2962 5.1906 -0.73054 10.7968 770
0.28346 7.9197 6.4182 0.89365 1.0773 3.0944 4.1937 3.4495 0.039429 8.2649 771
0.81448 8.2051 5.0698 2.4683 2.1796 1.7997 4.3856 2.8801 -1.0385 8.2462 772
-0.25347 7.7188 6.0432 0.73165 -1.1667 2.3383 4.2827 3.9532 0.2722 8.3145 773
-0.58899 6.2913 6.8325 0.57418 1.8758 1.2567 4.859 2.8753 1.6813 9.2792 774
0.52823 7.5439 3.1312 2.8377 0.806 2.7347 4.6464 3.8248 0.48819 10.3663 775
-2.039 8.3017 5.7031 0.24623 1.2173 2.1803 6.2105 4.4431 0.89143 8.886 776
-1.1159 7.3443 4.5323 1.6395 1.4752 0.53167 3.5137 3.7525 1.2672 7.9796 777
0.39675 8.1522 4.9211 1.2904 0.18723 1.5054 3.0935 5.1094 0.7891 10.2631 778
1.4331 8.4523 3.8825 1.0453 1.8432 2.4463 3.3879 4.346 1.4635 10.0325 779
0.92814 7.4532 6.2597 1.3226 -0.40295 2.9265 4.578 3.9691 0.66262 9.8936 780
-0.72951 7.1871 4.0878 2.3494 0.68659 1.7365 3.3948 3.8077 -0.25915 10.6134 781
-1.1864 8.5982 5.4349 0.68446 2.4092 0.72031 4.9004 2.0332 0.14948 8.786 782
0.39479 6.7327 6.0375 1.1697 1.2525 2.1258 2.6861 5.0567 0.58132 9.7367 783
2.1591 7.0263 5.3494 3.2103 0.096667 0.76318 4.9795 3.7762 -0.89198 8.497 784
-0.93893 7.8328 4.3494 2.3109 -0.8642 2.0847 3.6669 5.085 -1.855 8.8565 785
-1.0313 7.8008 6.6192 2.6909 0.41734 2.7736 3.5087 4.5896 0.74817 10.16 786
0.22978 5.5353 2.3907 1.1247 2.2867 2.3735 4.9084 4.2641 1.274 8.0343 787
-0.28604 7.4143 5.2517 2.0437 1.2378 1.6671 4.9371 2.7942 0.67736 9.3181 788
-0.51418 6.5926 4.3555 1.8643 0.88795 1.5885 4.7321 3.8976 -0.19606 8.2784 789
-0.6874 7.9084 3.9929 0.88248 0.40331 2.2718 4.6493 3.1314 0.84454 11.0068 790
0.12198 7.7591 6.2117 2.7277 1.6532 2.5606 4.6783 5.1744 0.26256 11.0003 791
0.95694 9.7017 4.2029 1.8249 2.3212 1.0029 5.2484 3.5337 -0.68179 10.7126 792
-0.73623 8.8618 5.6099 4.809 2.68 1.7854 4.34 2.7715 0.63445 9.7427 793
-0.63191 8.1343 5.8964 1.8106 0.75418 -0.32482 5.6482 3.7181 1.6286 8.7214 794
-0.68133 7.3701 4.9394 2.6452 0.70076 0.48424 4.183 5.5141 0.52579 9.9555 795
0.13597 8.0788 4.9927 2.2553 1.485 1.9549 2.0216 4.0183 -1.002 8.8738 796
2.0539 7.0535 3.9436 2.4943 1.2468 1.906 3.4234 4.2252 1.9622 10.8105 797
-0.79098 8.5816 3.4958 0.5861 0.97578 -1.4793 3.7583 4.2185 -0.041967 9.0111 798
-0.049209 6.7166 6.3058 1.2979 0.54246 3.3164 3.9687 3.9504 0.79469 10.9085 799
2.8542 8.7566 5.7706 2.3422 0.67243 1.7836 4.7344 3.1657 -0.42731 9.9925 800
-0.4091 7.8082 4.4805 1.4852 0.40483 3.5875 4.3899 2.6347 1.7192 8.793 801
0.11127 8.9637 5.773 2.9714 0.99356 2.4741 3.7659 4.6748 0.1357 7.137 802
1.5819 8.2777 4.1659 0.94862 1.2629 2.208 5.8184 4.2862 0.49057 9.5874 803
0.19779 10.1885 6.0813 1.9435 0.88118 1.0293 3.6698 5.5219 0.5126 8.3514 804
0.43525 6.7751 5.321 2.7824 -0.61015 1.4086 3.3793 5.6347 -1.5585 7.4551 805
-0.19944 9.4808 4.6431 1.2114 1.8894 3.5921 3.4964 4.9347 -0.45074 8.8628 806
-0.73344 6.8283 5.001 1.324 2.5266 0.7555 4.4423 3.8439 1.3222 9.2587 807
0.19107 8.6589 4.2654 3.2904 0.82547 1.4605 4.5083 3.9158 -0.45976 9.3592 808
-0.58021 8.1948 3.8449 1.6722 -1.0829 2.807 6.0079 5.0065 -1.0714 9.2322 809
-2.0854 8.2641 5.4225 1.3263 1.6032 0.28057 3.6732 4.8978 2.1287 9.236 810
0.47571 7.6943 3.9585 1.1106 1.6748 1.5455 3.6221 5.495 -1.8196 8.7595 811
0.65196 8.3267 3.1208 2.8011 2.3933 2.6904 4.7344 5.9151 -0.6424 10.4829 812
-1.1613 8.1172 4.8068 1.5414 2.1077 3.1657 3.8722 3.7675 0.53117 9.283 813
-0.028316 7.8997 5.13 3.181 1.8093 2.5971 5.4192 5.026 0.84935 9.2866 814
0.96747 7.9267 5.6909 1.5561 0.75557 0.61739 3.9631 3.0125 0.76316 10.6923 815
1.7163 6.5362 4.7536 1.919 1.1337 0.013217 3.3614 4.2416 1.5418 8.8235 816
0.44806 8.963 5.8235 2.3744 2.2081 1.8288 4.9009 3.1435 0.083497 9.5055 817
1.067 7.1831 5.1729 2.7687 0.037733 1.8662 6.4563 4.2334 1.1637 9.087 818
0.45098 7.3109 4.2497 2.052 -0.7595 2.5206 5.6533 5.2134 0.46902 8.8166 819
-1.0822 6.4319 6.8297 3.1597 1.7735 2.1107 3.4441 4.8625 1.785 8.4815 820
-0.51357 6.5752 5.5745 1.3607 1.9587 0.99604 2.3546 5.1986 1.5589 9.7783 821
-1.0655 7.479 3.8778 1.5605 2.2391 1.0666 2.2975 3.737 0.84598 8.3794 822
-0.63571 8.5985 2.9331 1.3607 0.4788 2.5568 4.3549 5.332 -0.78674 8.6947 823
-1.2238 7.6597 6.6586 2.3305 0.30922 1.3054 4.7908 4.6888 0.12846 8.1976 824
-0.71021 7.3887 4.6579 1.2148 0.99404 2.2149 6.2767 3.7794 -1.6108 9.0165 825
-0.56184 8.0646 3.0723 2.4101 1.4254 0.67588 2.8512 3.7643 0.8215 9.003 826
0.035382 9.1794 4.8802 1.4457 -0.88384 1.5105 3.3453 2.8729 -0.89162 9.4255 827
0.61229 8.1029 6.0329 -0.035568 2.007 -0.25948 4.4982 2.3446 1.6432 9.495 828
-1.3094 5.815 5.0928 1.6963 1.4762 1.6903 4.9497 4.3273 0.14945 9.4674 829
0.0061968 8.2866 5.9253 1.4257 0.99317 1.5427 4.4163 5.2281 2.4026 9.1606 830
1.2294 8.3558 4.7622 1.3292 0.12043 2.5255 3.0494 5.3087 0.739 9.2762 831
1.2307 7.97 4.9452 1.8815 1.3521 -0.62858 2.0006 4.0912 0.63535 9.8242 832
1.1111 8.8594 5.2656 2.2045 1.2407 3.0059 5.2913 3.4897 0.43067 7.8499 833
0.35881 9.4032 4.349 3.9806 0.19395 2.0323 4.0573 3.9109 1.4656 10.8321 834
-0.89067 6.5332 4.5229 3.2597 0.20619 0.14635 4.3942 2.4428 0.52872 8.8554 835
2.3887 7.9103 6.5657 1.947 0.78026 1.6624 3.4571 1.9756 1.9502 9.4229 836
0.92746 8.1605 7.4654 2.8393 -1.1571 -0.043366 3.7807 3.9834 -1.1062 9.6742 837
-0.40147 6.117 3.978 3.2185 0.64537 -0.21143 3.0885 4.3745 1.364 9.8913 838
1.018 9.0291 4.8491 2.6005 0.45257 0.92776 4.8622 5.0213 -0.41679 9.1879 839
-0.43768 7.558 5.9087 2.4631 2.2316 2.8722 5.1075 4.0916 1.1939 9.0279 840
0.26878 6.445 6.0152 2.0217 1.0492 1.027 5.196 2.2911 1.6711 8.195 841
0.47307 6.994 5.6308 1.782 1.3418 2.2762 4.6852 4.4238 -0.48883 8.0796 842
2.0874 6.9127 5.6494 2.1138 2.9776 1.618 5.8166 4.6734 -0.25792 8.4737 843
0.078542 8.9285 6.4362 3.5428 -1.5687 2.2799 3.7279 4.1084 -1.252 10.2035 844
-0.74308 9.0418 4.3747 4.0593 2.8891 2.2936 5.9499 4.8044 1.2079 10.0817 845
0.039025 6.7756 3.3688 1.6144 1.4766 1.989 5.9785 3.9193 0.99582 10.6112 846
0.44215 8.2728 3.8096 3.4893 -0.94054 2.6579 4.02 4.8153 0.20562 8.9918 847
0.72434 9.4485 4.5276 1.6135 0.69838 0.54777 3.1836 3.2838 -0.093214 8.7187 848
-0.948 7.5104 7.3578 2.4722 0.22973 3.6664 3.0629 3.6806 -0.15191 8.4169 849
0.38356 6.2888 5.7851 2.1472 3.9571 1.1801 2.9794 4.1714 1.4438 9.7756 850
