$TYPE vec
$XDIM 16
$YDIM 1
$VEC_DIM 13
1.0 0.0 0.0 1.0 0.0 0.0 0.0 0.0 1.0 0.0 0.0 1.0 0.0 dove
1.0 0.0 0.0 1.0 0.0 0.0 0.0 0.0 1.0 0.0 0.0 0.0 0.0 hen
1.0 0.0 0.0 1.0 0.0 0.0 0.0 0.0 1.0 0.0 0.0 0.0 1.0 duck
1.0 0.0 0.0 1.0 0.0 0.0 0.0 0.0 1.0 0.0 0.0 1.0 1.0 goose
1.0 0.0 0.0 1.0 0.0 0.0 0.0 0.0 1.0 1.0 0.0 1.0 0.0 owl
1.0 0.0 0.0 1.0 0.0 0.0 0.0 0.0 1.0 1.0 0.0 1.0 0.0 hawk
0.0 1.0 0.0 1.0 0.0 0.0 0.0 0.0 1.0 1.0 0.0 1.0 0.0 eagle
0.0 1.0 0.0 0.0 1.0 1.0 0.0 0.0 0.0 1.0 0.0 0.0 0.0 fox
0.0 1.0 0.0 0.0 1.0 1.0 0.0 0.0 0.0 0.0 1.0 0.0 0.0 dog
0.0 1.0 0.0 0.0 1.0 1.0 0.0 0.0 0.0 1.0 1.0 0.0 0.0 wolf
1.0 0.0 0.0 0.0 1.0 1.0 0.0 0.0 0.0 1.0 0.0 0.0 0.0 cat
0.0 0.0 1.0 0.0 1.0 1.0 0.0 0.0 0.0 1.0 1.0 0.0 0.0 tiger
0.0 0.0 1.0 0.0 1.0 1.0 0.0 1.0 0.0 1.0 1.0 0.0 0.0 lion
0.0 0.0 1.0 0.0 1.0 1.0 1.0 1.0 0.0 0.0 1.0 0.0 0.0 horse
0.0 0.0 1.0 0.0 1.0 1.0 1.0 1.0 0.0 0.0 1.0 0.0 0.0 zebra
0.0 0.0 1.0 0.0 1.0 1.0 1.0 0.0 0.0 0.0 0.0 0.0 0.0 cow
